1757821819154 1.6052797479217613 0
1757821820157 5.406338171427037 500
1757821821125 5.385010357030745 1000
1757821821998 5.371629108844162 1500
1757821822983 5.366419772167202 2000
1757821824315 5.3710754231580555 2500
1757821825568 5.368714739971821 3000
1757821826670 5.366337989943764 3500
1757821827673 5.364847129863706 4000
1757821828927 5.363719390203455 4500
1757821830039 5.36290599409323 5000
1757821831279 5.361561137655402 5500
1757821832423 5.3594109403123165 6000
1757821833504 5.357493679959769 6500
1757821834599 5.356607808610592 7000
1757821835723 5.356172130155382 7500
1757821837026 5.35591900478304 8000
1757821838160 5.355752930161096 8500
1757821839406 5.355635219329932 9000
1757821840602 5.355547488100271 9500
