1757821960807 2.178238694274678 0
1757821960904 0.704733921827098 500
1757821960989 0.3629355978458339 1000
1757821961082 1.243760829737757 1500
1757821961133 1.2372366763774718 2000
1757821961230 1.0339248617792738 2500
1757821961292 0.22684192115446514 3000
1757821961353 0.7779356853264447 3500
1757821961417 2.2968088984722734 4000
1757821961481 0.6380490073546464 4500
1757821961555 1.8378563697956751 5000
1757821961631 0.095384974511273 5500
1757821961705 0.7905487997665425 6000
1757821961787 1.0147223232967995 6500
1757821961825 0.16529841106152407 7000
1757821961914 0.9793272539158218 7500
1757821961961 0.18323295627395939 8000
1757821962056 0.9202383684520192 8500
1757821962112 1.3449654069686163 9000
1757821962168 0.1596257954091783 9500
