1757819345225 1.7684352146538913 0
1757819345314 1.3301115788176825 500
1757819345398 0.7845807704898444 1000
1757819345495 1.5773086761585657 1500
1757819345541 0.49161437487340853 2000
1757819345663 0.9489977708724614 2500
1757819345713 0.22946233570862082 3000
1757819345764 1.650574829495761 3500
1757819345819 0.7747116113244304 4000
1757819345880 1.5795185083922536 4500
1757819345943 0.7754486352078309 5000
1757819346005 1.67196381958701 5500
1757819346072 2.3941928914862745 6000
1757819346137 1.4171903969642894 6500
1757819346176 0.7451239744078997 7000
1757819346260 1.150280909943464 7500
1757819346350 0.7935540818834093 8000
1757819346405 0.43011137679863 8500
1757819346459 1.665041340615014 9000
1757819346512 0.01750793654598443 9500
