1758205886248 1.7696098520267214 0
1758205886341 0.9494933910799748 500
1758205886431 0.3775185531307536 1000
1758205886530 1.4006797011564858 1500
1758205886579 1.2876552697532089 2000
1758205886692 0.76984750059425 2500
1758205886744 0.8609029690036764 3000
1758205886801 1.666313078933415 3500
1758205886860 1.1460575448825532 4000
1758205886932 1.1442747302143947 4500
1758205886996 1.4604714552285647 5000
1758205887063 0.24213078621828005 5500
1758205887140 1.111645145544804 6000
1758205887208 1.1690145225492443 6500
1758205887247 0.8608523961855606 7000
1758205887337 1.3514027101297421 7500
1758205887384 1.2660456837131469 8000
1758205887489 0.858545779659433 8500
1758205887545 0.9646212128608959 9000
1758205887603 1.2091026073108029 9500
