1757819389966 1.5682474598412144 0
1757819392025 0.6037284649634282 500
1757819393146 0.6020391879920632 1000
1757819394315 0.6013726787091049 1500
1757819395535 0.6009873404885508 2000
1757819396714 0.6007384924779678 2500
1757819398005 0.6005666924778307 3000
1757819399376 0.6004420329554948 3500
1757819401052 0.6003481538712967 4000
1757819403491 0.6002754841988811 4500
1757819404933 0.6002180722294337 5000
1757819406390 0.6001720125143439 5500
1757819408035 0.6001346218485107 6000
1757819409756 0.6001039849727388 6500
1757819411365 0.6000786918614296 7000
1757819412905 0.6000576787051978 7500
1757819414417 0.600040127326357 8000
1757819415783 0.6000253988619854 8500
1757819417131 0.6000129883775218 9000
1757819418662 0.600002492795372 9500
