1758171100582 1.3906770752759527 0
1758171102417 0.6509669245403128 500
1758171104661 0.6241379555824448 1000
1758171109928 0.6141533943993617 1500
1758171112440 0.6094204354609085 2000
1758171114028 0.6068708438265288 2500
1758171117172 0.6053675005518522 3000
1758171119821 0.6044129211843575 3500
1758171121914 0.6037660694567747 4000
1758171124360 0.6033015219643145 4500
1758171129634 0.6029503406480347 5000
1758171132571 0.6026728797850581 5500
1758171134908 0.6024454160615043 6000
1758171138364 0.6022532275591173 6500
1758171140598 0.6020868592136263 7000
1758171142797 0.6019400361496546 7500
1758171144753 0.6018084615975189 8000
1758171146714 0.6016891048570973 8500
1758171148608 0.601579768325249 9000
1758171150132 0.6014788174555208 9500
