1758098562060 1.3207352119252254 0
1758098562155 0.8219131879644483 500
1758098562258 1.2931559965047963 1000
1758098562316 1.6366616393816371 1500
1758098562375 2.325109620717548 2000
1758098562437 0.830171481674906 2500
1758098562503 0.8162306466460183 3000
1758098562582 1.1126316362146196 3500
1758098562657 0.8956381192817607 4000
1758098562742 0.4162757362524478 4500
1758098562838 0.9066874199228009 5000
1758098562921 0.4331860475121728 5500
1758098563008 0.7001656119101201 6000
1758098563118 0.1929232058269561 6500
1758098563168 1.9332872542467052 7000
1758098563274 1.1804561614603086 7500
1758098563355 0.4614859600009523 8000
1758098563428 0.041463702849280706 8500
1758098563500 1.252011636003533 9000
1758098563588 1.134867002486033 9500
