1758205734557 1.4577002176547584 0
1758205735113 2.509249819229453 500
1758205735247 0.7171297397217739 1000
1758205735425 0.9286462727890079 1500
1758205735542 1.42666996333948 2000
1758205735728 2.4011216768504484 2500
1758205735859 1.6387752882236977 3000
1758205736039 1.1423275792986833 3500
1758205736230 1.282236909447153 4000
1758205736411 1.6364197286050688 4500
1758205736538 1.1578952939316502 5000
1758205736642 0.8408771936271269 5500
1758205736765 0.09873629554875556 6000
1758205736894 1.5273001846889338 6500
1758205736979 0.3819854669581404 7000
1758205737046 1.3232606721822386 7500
1758205737140 0.37338433860718384 8000
1758205737208 1.5299963761396949 8500
1758205737305 0.27600598953226396 9000
1758205737416 0.4398989191411237 9500
