1757822306927 2.01315127695948 0
1757822307020 2.2427484685097343 500
1757822307060 1.6656756272319506 1000
1757822307157 1.090840585672741 1500
1757822307206 1.604364374234804 2000
1757822307305 1.018942271990355 2500
1757822307355 2.253190389192127 3000
1757822307409 1.2561796862619998 3500
1757822307462 1.6917403084997238 4000
1757822307518 1.0013081730868716 4500
1757822307577 1.666331545515356 5000
1757822307647 2.1368075144772765 5500
1757822307711 1.4549988297330043 6000
1757822307772 1.0079085191048993 6500
1757822307806 0.8996805214745618 7000
1757822307900 0.8199494464002299 7500
1757822307942 1.909210916777496 8000
1757822308035 1.6487678993946802 8500
1757822308080 1.1205939668059206 9000
1757822308179 1.3061741228034416 9500
