1757822817233 1.7913901711669766 0
1757822817684 1.50979512498197 500
1757822818065 1.5901988492981924 1000
1757822818465 1.3541606388260576 1500
1757822818866 0.9955732007046122 2000
1757822819234 1.6863476525000016 2500
1757822819603 1.64152558820521 3000
1757822819963 1.7018528907966184 3500
1757822820344 1.6165435578191099 4000
1757822820726 1.362964280596062 4500
1757822821157 0.9644647694891295 5000
1757822821514 0.6954133896074233 5500
1757822821962 0.6783616401730374 6000
1757822822335 1.6177623823318739 6500
1757822822725 1.5358525150376128 7000
1757822823117 0.8258023470285976 7500
1757822823491 1.3287300474395618 8000
1757822823877 1.6675263534246125 8500
1757822824244 1.2673581461675085 9000
1757822824594 0.6432886064268106 9500
