1758125610437 1.1337398867385011 0
1758125610558 1.429326499957017 500
1758125610632 0.4832985687602063 1000
1758125610726 0.3078611794441237 1500
1758125610804 0.938694948692899 2000
1758125610871 1.2578682719613032 2500
1758125611004 1.264173097788319 3000
1758125611174 1.3849372635348045 3500
1758125611278 0.3930651469938967 4000
1758125611399 1.5084141833561249 4500
1758125611534 0.55116786384579 5000
1758125611642 1.2867676323385178 5500
1758125611757 0.8306068107791145 6000
1758125611859 0.710877120464509 6500
1758125611912 0.8285854109078098 7000
1758125611987 0.4813431047889001 7500
1758125612062 0.754764869485419 8000
1758125612129 0.5588485339862066 8500
1758125612200 1.238503646887064 9000
1758125612291 1.4501621159035571 9500
