1757821421214 1.45728590593558 0
1757821421606 0.610269770178369 500
1757821421973 0.6038137849169307 1000
1757821422354 0.6437064971947973 1500
1757821422722 0.6286376346646507 2000
1757821423071 0.6096668667385347 2500
1757821423412 0.6007981597074952 3000
1757821423742 0.6059921813385117 3500
1757821424093 0.594734640963457 4000
1757821424445 0.6035856096596958 4500
1757821424781 0.5848190662041015 5000
1757821425311 0.6007961622798703 5500
1757821425751 0.6025179877716106 6000
1757821426188 0.5951026747873798 6500
1757821426636 0.6060204069869007 7000
1757821427136 0.5969678154089063 7500
1757821427511 0.6056795080532653 8000
1757821427895 0.5957111445957712 8500
1757821428269 0.5949737702842708 9000
1757821428678 0.6093449467258746 9500
