1758125700317 1.4695790687108763 0
1758125705340 0.603025502450246 500
1758125707422 0.6014040397862397 1000
1758125710568 0.6007091865150851 1500
1758125714375 0.6002804950040748 2000
1758125720622 0.5999807553277512 2500
1758125723088 0.5997525426485374 3000
1758125724683 0.5995680432328491 3500
1758125726247 0.5994128446198682 4000
1758125727943 0.5992788939229616 4500
1758125730153 0.5991613381205758 5000
1758125732009 0.5990571630217054 5500
1758125734268 0.5989646218413323 6000
1758125735969 0.5988828865766461 6500
1758125737473 0.5988116460524685 7000
1758125739419 0.5987506379707109 7500
1758125741197 0.5986992893576735 8000
1758125743215 0.5986566246373245 8500
1758125746365 0.5986214098405037 9000
1758125748644 0.5985923670778344 9500
