1758124774570 1.292350619997746 0
1758124776104 4.6315238516727 500
1758124777083 4.595875092858678 1000
1758124777979 4.589038584065368 1500
1758124778862 4.5834420677095515 2000
1758124779738 4.56938189238746 2500
1758124780994 4.564219720524283 3000
1758124782076 4.560772221726696 3500
1758124783108 4.558918274564045 4000
1758124784011 4.557587961647817 4500
1758124784896 4.554276856691033 5000
1758124786026 4.551926778247409 5500
1758124787583 4.549787253979774 6000
1758124789141 4.547302764364759 6500
1758124790493 4.5462749773542175 7000
1758124791716 4.545837636672216 7500
1758124793809 4.545612267304394 8000
1758124795699 4.545476644335132 8500
1758124797411 4.545385612704708 9000
1758124798496 4.545319669391996 9500
