1758205849878 1.459191977243054 0
1758205850222 1.306356249484744 500
1758205850532 1.8411067712605258 1000
1758205850834 1.0707063691523833 1500
1758205851171 1.110587856859977 2000
1758205851517 1.6851193106105429 2500
1758205851868 1.2723586403189648 3000
1758205852194 1.7312890773737375 3500
1758205852521 0.998250272190148 4000
1758205852867 1.4082331924588372 4500
1758205853256 1.1973160325362275 5000
1758205853570 1.543621918479941 5500
1758205853907 1.7110941242606925 6000
1758205854246 1.6521948857859206 6500
1758205854587 1.3170329449574507 7000
1758205854919 1.6922498518390197 7500
1758205855259 1.8827546078139086 8000
1758205855592 1.8288309698543845 8500
1758205855972 1.49833051604164 9000
1758205856316 1.6153559918685507 9500
