1757821456592 1.7582427988826699 0
1757821456690 0.4943134917651927 500
1757821456746 1.4429250808292609 1000
1757821456820 0.6536281355996892 1500
1757821456886 1.4880206110798424 2000
1757821456971 1.2404562178302287 2500
1757821457057 0.31046237297234736 3000
1757821457144 0.6009858536567696 3500
1757821457244 0.46740571592125 4000
1757821457383 0.5362313953069455 4500
1757821457490 1.3101008833685999 5000
1757821457575 1.1647651868835034 5500
1757821457660 0.13316394883191585 6000
1757821457744 0.6126441607121351 6500
1757821457794 1.305439360425703 7000
1757821457897 1.0528974446417505 7500
1757821457952 0.6373162692057472 8000
1757821458010 1.0136341301205765 8500
1757821458074 1.156074913754008 9000
1757821458151 1.1611656335447393 9500
