1757822854250 0.3442738366820557 0
1757822854341 1.3315609702569455 500
1757822854431 0.571500952942442 1000
1757822854518 1.0154545008322478 1500
1757822854611 0.595461128230332 2000
1757822854661 0.027782949036369124 2500
1757822854718 0.8782561109898114 3000
1757822854778 1.256245011980295 3500
1757822854837 0.28036235953884936 4000
1757822854900 0.7411338083450636 4500
1757822854965 0.23827258289682732 5000
1757822855061 1.4584514431070394 5500
1757822855130 1.1832141457156058 6000
1757822855197 0.7679870797025751 6500
1757822855236 1.7874816925889814 7000
1757822855324 0.925486330820497 7500
1757822855418 0.5612518433892414 8000
1757822855464 0.6206973438119164 8500
1757822855572 1.097651153204886 9000
1757822855629 0.4543994068223751 9500
