1758163324183 1.2805568586515843 0
1758163325486 0.6036127066056602 500
1758163326780 0.6019375581616137 1000
1758163328116 0.6012968902673208 1500
1758163329391 0.6009312679776866 2000
1758163333622 0.6006960583924067 2500
1758163338572 0.6005337050791386 3000
1758163340891 0.600415809876776 3500
1758163342610 0.6003269577763757 4000
1758163344126 0.6002581435700756 4500
1758163345691 0.6002037605590195 5000
1758163347659 0.6001601224307981 5500
1758163349962 0.600124692118898 6000
1758163351874 0.6000956566576106 6500
1758163353419 0.6000716807142235 7000
1758163355191 0.6000517568544664 7500
1758163356952 0.6000351104811115 8000
1758163358754 0.6000211369821318 8500
1758163360601 0.6000093586479758 9000
1758163362070 0.5999993942156717 9500
