1758211499437 1.5832313521252117 0
1758211501276 0.6033101972090774 500
1758211503079 0.6015710353524096 1000
1758211505143 0.6008259598614389 1500
1758211506608 0.6003695626373653 2000
1758211508339 0.6000550082239183 2500
1758211510285 0.5998180036031581 3000
1758211512111 0.5996268174211112 3500
1758211513652 0.5994654848901484 4000
1758211515098 0.5993256227831165 4500
1758211516816 0.5992024987851549 5000
1758211518657 0.599093227200825 5500
1758211520069 0.598996030609269 6000
1758211521934 0.5989099440301093 6500
1758211523307 0.5988345544064445 7000
1758211525021 0.5987696224822158 7500
1758211526460 0.5987146960762622 8000
1758211528067 0.5986689214048482 8500
1758211529622 0.5986311169055668 9000
1758211534299 0.598599982272688 9500
