1758098666780 1.6376926516953847 0
1758098667242 0.7419694922157666 500
1758098667614 0.6877895940436678 1000
1758098667993 0.6729377438758924 1500
1758098668462 0.6537759800899958 2000
1758098668866 0.6372759138930852 2500
1758098669446 0.6439800545963988 3000
1758098669830 0.6272112426109216 3500
1758098670220 0.6208606094314099 4000
1758098670691 0.6407332365061649 4500
1758098671109 0.6058639602024085 5000
1758098671762 0.628161610092661 5500
1758098672150 0.6194735902857197 6000
1758098673316 0.6414233397224521 6500
1758098673800 0.6143990489976681 7000
1758098674240 0.6044938824513651 7500
1758098674696 0.6054860479530348 8000
1758098675308 0.6231835088831653 8500
1758098675793 0.6129871094139164 9000
1758098676257 0.6104841698330917 9500
