1758135104077 1.3876477596055685 0
1758135105315 0.659389746776119 500
1758135106208 0.6125286690686264 1000
1758135107683 0.6045720652267396 1500
1758135109229 0.606252040718543 2000
1758135110176 0.6627006129273532 2500
1758135110937 0.5970011368706732 3000
1758135111844 0.5975064691737558 3500
1758135112663 0.6087920090462814 4000
1758135113509 0.5984214799268514 4500
1758135114562 0.5820561947318124 5000
1758135115151 0.6255535930304168 5500
1758135115840 0.6333863443797032 6000
1758135116518 0.6292150336922946 6500
1758135117227 0.5962547854383601 7000
1758135118182 0.6105026742354993 7500
1758135118887 0.6037928580749895 8000
1758135119679 0.6345492221771668 8500
1758135120529 0.5513513058539568 9000
1758135124262 0.6005642119955027 9500
