1757819473691 1.2231095185301513 0
1757819474281 0.6122567854922332 500
1757819474664 0.6021132302706423 1000
1757819475072 0.5916477469504554 1500
1757819475503 0.604917723694152 2000
1757819475873 0.6027027989581364 2500
1757819476214 0.6152779149532671 3000
1757819476631 0.5823739730265178 3500
1757819477102 0.6124967773899452 4000
1757819477543 0.5972271433702414 4500
1757819477933 0.6107556146984835 5000
1757819478382 0.6067151278575025 5500
1757819478806 0.6076975825020864 6000
1757819479212 0.6098501894377882 6500
1757819479807 0.6034285343167022 7000
1757819480257 0.6284963430350923 7500
1757819480720 0.6308630509588528 8000
1757819481150 0.5890624995891537 8500
1757819481613 0.6057133421110665 9000
1757819482100 0.6068938979236969 9500
