1758171216996 1.2790974295942565 0
1758171217082 0.5352587622232245 500
1758171217170 0.5005424074336065 1000
1758171217259 1.2968273278115927 1500
1758171217402 1.1136216019768106 2000
1758171217465 2.024195738831129 2500
1758171217533 0.05380182675491144 3000
1758171217602 0.42219468625086803 3500
1758171217667 0.9517243704030541 4000
1758171217748 0.5911613908489447 4500
1758171217825 0.9490883788310767 5000
1758171217915 0.033209504907200364 5500
1758171217996 2.6447012321801715 6000
1758171218081 0.5908846790803343 6500
1758171218156 1.118319159987348 7000
1758171218262 1.9513376470030028 7500
1758171218341 0.33696321411303964 8000
1758171218402 0.12664892649245488 8500
1758171218461 0.7173343989997284 9000
1758171218522 0.6457695694334371 9500
