1757821381908 1.3334075984494749 0
1757821383299 0.6502280247245003 500
1757821384322 0.6241078836470896 1000
1757821385364 0.6145378647772981 1500
1757821386387 0.6099825189377042 2000
1757821387562 0.6074911668108443 2500
1757821388584 0.6059909887719104 3000
1757821389645 0.6050164280589154 3500
1757821390722 0.6043419978325483 4000
1757821391828 0.6038496535142847 4500
1757821392958 0.6034737281860371 5000
1757821394077 0.6031757819055781 5500
1757821395202 0.6029322800487702 6000
1757821396405 0.6027282172525071 6500
1757821397621 0.6025536656552254 7000
1757821398818 0.6024018316689707 7500
1757821400166 0.6022679226673442 8000
1757821401302 0.6021484639780427 8500
1757821402449 0.602040874326646 9000
1757821403688 0.6019431941043559 9500
