1758098475862 1.4250920970915308 0
1758098477052 0.6535098580454892 500
1758098478250 0.6249430375155927 1000
1758098479387 0.6144841822271248 1500
1758098480512 0.6095772820163415 2000
1758098481673 0.6069529239527258 2500
1758098482754 0.6054139689636697 3000
1758098484039 0.6044410104961249 3500
1758098485371 0.6037838904833505 4000
1758098487047 0.6033130604652 4500
1758098488791 0.6029576186040091 5000
1758098490683 0.6026769572115942 5500
1758098492243 0.6024468771625475 6000
1758098494216 0.6022524234467725 6500
1758098496236 0.6020840307499229 7000
1758098498145 0.6019353759972881 7500
1758098500050 0.6018021448354912 8000
1758098501588 0.601681303152125 8500
1758098503473 0.6015706554664935 9000
1758098505367 0.6014685703799422 9500
