1757822896025 1.4584782252626478 0
1757822897141 0.6035849775081952 500
1757822898136 0.6019403600860221 1000
1757822899142 0.6013082034682645 1500
1757822900139 0.6009467155878723 2000
1757822901197 0.6007128365269195 2500
1757822902277 0.6005502672640873 3000
1757822903408 0.6004314106819558 3500
1757822904467 0.6003412744981396 4000
1757822905559 0.6002710716206145 4500
1757822906700 0.6002153106668797 5000
1757822907815 0.6001703661586206 5500
1757822908974 0.6001337309630885 6000
1757822910031 0.6001036038958264 6500
1757822911229 0.6000786507756514 7000
1757822912334 0.60005785933198 7500
1757822913490 0.6000404470319479 8000
1757822914606 0.600025799999173 8500
1757822915728 0.6000134309824521 9000
1757822916891 0.6000029494938691 9500
