1757821320230 1.6119034784841806 0
1757821321328 5.507237246008663 500
1757821322360 5.509134769475003 1000
1757821323488 5.508965202146085 1500
1757821324970 5.508840605179731 2000
1757821326170 5.508797065086059 2500
1757821327435 5.508782779086229 3000
1757821328619 5.508778054576438 3500
1757821329799 5.508776464819549 4000
1757821331066 5.508775921137585 4500
1757821332512 5.508775732700765 5000
1757821333819 5.508775666692766 5500
1757821335203 5.508775643377726 6000
1757821336633 5.508775635088944 6500
1757821338046 5.508775632127199 7000
1757821339552 5.508775631064668 7500
1757821341931 5.508775630682265 8000
1757821344015 5.508775630544281 8500
1757821345785 5.508775630494387 9000
1757821347303 5.508775630476315 9500
