1758210198623 1.5410306999909982 0
1758210199598 0.6519175471787659 500
1758210200608 0.6249596542419246 1000
1758210201564 0.6150512751258006 1500
1758210202553 0.6103363467704428 2000
1758210203568 0.6077631560548393 2500
1758210205467 0.6062177868469781 3000
1758210206768 0.6052161904535251 3500
1758210208056 0.604524123820507 4000
1758210210343 0.6040192366816054 4500
1758210212120 0.6036336713497036 5000
1758210213531 0.6033278345068948 5500
1758210216570 0.6030775618772375 6000
1758210218656 0.6028674904420429 6500
1758210220049 0.6026874802471783 7000
1758210221298 0.602530606160665 7500
1758210222535 0.6023919902955426 8000
1758210223713 0.6022681004324936 8500
1758210224898 0.6021563150628394 9000
1758210226111 0.6020546456017214 9500
