1758125616734 1.4321794417723404 0
1758125616828 1.5869789271265067 500
1758125616919 1.4544949475259257 1000
1758125616993 1.5861031835192656 1500
1758125617050 1.2258500651436763 2000
1758125617110 1.7502033891602602 2500
1758125617170 1.261786040847773 3000
1758125617252 0.42886686792949097 3500
1758125617316 1.4831954744223894 4000
1758125617384 1.0770371563142644 4500
1758125617452 1.3854980670039352 5000
1758125617522 1.0404089696938503 5500
1758125617599 0.9748544109179953 6000
1758125617671 1.1439026562730448 6500
1758125617714 1.4262449364611853 7000
1758125617801 1.4208968296026545 7500
1758125617899 1.3287432352125836 8000
1758125617965 1.415727470571203 8500
1758125618030 1.30920753559113 9000
1758125618094 0.7882254565833843 9500
