1758205578822 1.610605653278246 0
1758205579831 0.6029122984786435 500
1758205580718 0.6013543429900937 1000
1758205581502 0.6006731457324038 1500
1758205582314 0.6002527689437039 2000
1758205583079 0.5999606501926693 2500
1758205583885 0.5997385448909598 3000
1758205584717 0.5995582205853193 3500
1758205585638 0.5994055741354699 4000
1758205586807 0.5992730846700788 4500
1758205588172 0.599156372583626 5000
1758205590506 0.5990527475154562 5500
1758205591635 0.5989606429954613 6000
1758205592858 0.5988793124083881 6500
1758205594011 0.5988084709173741 7000
1758205595636 0.5987478560811389 7500
1758205596832 0.5986968845751542 8000
1758205598001 0.5986545698397339 8500
1758205599098 0.5986196710328224 9000
1758205600377 0.5985909082549531 9500
