1758135351213 1.227161028336133 0
1758135351308 1.3318675402746203 500
1758135351401 1.3432784882518893 1000
1758135351454 0.7449619586026771 1500
1758135351510 0.6959392211210885 2000
1758135351568 0.12518490031622886 2500
1758135351669 1.2321656026940337 3000
1758135351750 1.3487620114226961 3500
1758135351820 1.5252702569085204 4000
1758135351910 0.8340354727270779 4500
1758135351992 1.3253120530373974 5000
1758135352073 1.0697370832391442 5500
1758135352178 1.1824570709375655 6000
1758135352604 1.114059285846776 6500
1758135352733 1.312285754374613 7000
1758135352821 1.3570222759057236 7500
1758135352938 0.4601506706274146 8000
1758135353030 1.3128190324229951 8500
1758135353114 0.9969027212406418 9000
1758135353210 1.0761258689568063 9500
