1758125887160 2.1947585367927767 0
1758125887264 1.9751583882829984 500
1758125887324 1.4211591969054922 1000
1758125887373 0.8882425622639056 1500
1758125887427 1.623765744179044 2000
1758125887508 0.4261767749971675 2500
1758125887585 2.0398832600392587 3000
1758125887678 1.6021356939540519 3500
1758125887945 1.0587945316038243 4000
1758125888168 1.3381264361722442 4500
1758125888411 1.8592105035221214 5000
1758125888552 1.7661974397694427 5500
1758125888733 1.3232849627731098 6000
1758125888862 1.2183494990480812 6500
1758125888975 1.2753469164777824 7000
1758125889061 2.0911712325906544 7500
1758125889151 1.384764404846262 8000
1758125889227 1.0509613389934604 8500
1758125889302 1.2830648789832702 9000
1758125889383 1.299150721975533 9500
