1758125762333 1.3556198966877733 0
1758125764878 0.6524030134234593 500
1758125766873 0.6246305240633945 1000
1758125769220 0.6143822969624861 1500
1758125771647 0.6095451419377479 2000
1758125774507 0.6069425233455424 2500
1758125778053 0.6054074632509026 3000
1758125780307 0.604431919022889 3500
1758125782129 0.6037702999353917 4000
1758125784129 0.6032949173747941 4500
1758125785770 0.602935585964592 5000
1758125787492 0.6026519178664943 5500
1758125790633 0.6024197196207378 6000
1758125792440 0.6022239552759996 6500
1758125793797 0.6020549502402938 7000
1758125795271 0.6019062699215574 7500
1758125796762 0.6017734970749762 8000
1758125798301 0.6016535069881123 8500
1758125800831 0.6015440262392658 9000
1758125802903 0.6014433571304911 9500
