1758171976237 1.2832409452027824 0
1758171978224 0.603070314394083 500
1758171979618 0.6014351726543833 1000
1758171980977 0.6007481055326597 1500
1758171982358 0.600323664719698 2000
1758171983680 0.6000247931711025 2500
1758171984986 0.5997953681113705 3000
1758171986467 0.5996082955045331 3500
1758171987755 0.5994496142610324 4000
1758171989016 0.599311729414265 4500
1758171990472 0.5991902217158948 5000
1758171992406 0.5990823497547401 5500
1758171994115 0.5989864293094035 6000
1758171995736 0.5989015661460297 6500
1758171997415 0.5988273837808047 7000
1758171998745 0.5987636327606582 7500
1758171999938 0.5987098157984563 8000
1758172001121 0.5986650303793447 8500
1758172002289 0.598628067531636 9000
1758172003498 0.5985976253446273 9500
