1758211628087 1.3363063311460055 0
1758211628712 1.0478456523924353 500
1758211629482 1.6626332883537491 1000
1758211630086 0.9656763226571392 1500
1758211630900 1.8113314174532449 2000
1758211631539 1.4436859927078323 2500
1758211632074 1.5000575602525026 3000
1758211632789 1.5535405746170092 3500
1758211633623 0.6087638487905559 4000
1758211634494 1.5400804568395878 4500
1758211638150 1.1348815041093172 5000
1758211639027 1.239392394803815 5500
1758211639698 0.7446732251955624 6000
1758211640602 1.0250131706299015 6500
1758211641299 1.8050688865700135 7000
1758211642053 1.4439946592526074 7500
1758211642511 0.7784225367509359 8000
1758211643153 1.6750027532738725 8500
1758211643725 1.8074929099192163 9000
1758211644240 0.709183532091381 9500
