1758098567726 1.3937517834329582 0
1758098568836 4.917515357701866 500
1758098569952 4.9009608560983855 1000
1758098571087 4.899930769675171 1500
1758098572136 4.899785753534783 2000
1758098573679 4.899748035652459 2500
1758098575382 4.89973599732204 3000
1758098576974 4.899731877308786 3500
1758098578597 4.899730419773097 4000
1758098580586 4.899729894480089 4500
1758098582189 4.899729703105413 5000
1758098583642 4.899729632947472 5500
1758098585045 4.899729607138289 6000
1758098586483 4.899729597626661 6500
1758098587827 4.899729594118376 7000
1758098589133 4.899729592824022 7500
1758098590509 4.899729592346501 8000
1758098591854 4.899729592170365 8500
1758098593145 4.8997295921054125 9000
1758098594368 4.899729592081468 9500
