1758125353994 1.655656970634314 0
1758125355032 0.6031660625225862 500
1758125356088 0.6015102627301393 1000
1758125357205 0.600791429177915 1500
1758125358667 0.6003481248111111 2000
1758125359995 0.600039005492386 2500
1758125361756 0.599803602450336 3000
1758125363226 0.5996125312484344 3500
1758125364602 0.5994508432917726 4000
1758125365735 0.5993105771717633 4500
1758125367211 0.5991872257289877 5000
1758125368473 0.5990780589457787 5500
1758125370034 0.5989814044826793 6000
1758125371462 0.5988963364000636 6500
1758125373114 0.5988223901105455 7000
1758125374529 0.5987591794355899 7500
1758125375740 0.5987060528422367 8000
1758125376768 0.5986619777584062 8500
1758125377859 0.5986256641783831 9000
1758125378903 0.5985957759968318 9500
