1757819486963 1.5436719208831713 0
1757819487404 0.7606872584595862 500
1757819487795 0.6876406185827407 1000
1757819488185 0.6793013386475443 1500
1757819488576 0.6489228595893615 2000
1757819488989 0.6536291015221004 2500
1757819489460 0.6372374723022486 3000
1757819489851 0.6194440991861849 3500
1757819490246 0.6259196139602827 4000
1757819490617 0.6176893245925322 4500
1757819491003 0.6051781714314732 5000
1757819491390 0.6080923001692328 5500
1757819491787 0.6218524892471188 6000
1757819492192 0.6249082076698336 6500
1757819492651 0.6372104379030414 7000
1757819493055 0.6076769618957589 7500
1757819493456 0.6103774214018532 8000
1757819493823 0.5872069199374453 8500
1757819494221 0.6138615308193313 9000
1757819494588 0.6072848459632013 9500
