1758124390842 1.9785053773440255 0
1758124390956 0.8370046754364946 500
1758124391004 1.5455019795091562 1000
1758124391107 0.6657618049936969 1500
1758124391163 0.005132001935939857 2000
1758124391220 1.015965357518309 2500
1758124391280 0.4696378910292397 3000
1758124391376 0.2265677284471529 3500
1758124391451 0.6609404664808923 4000
1758124391523 1.4583821095436016 4500
1758124391606 1.2437088223980461 5000
1758124391703 0.018239703206333894 5500
1758124391804 0.9461736867239358 6000
1758124391885 0.712692294894939 6500
1758124391945 1.1852699554859747 7000
1758124392003 0.009625436818521457 7500
1758124392072 5.608490634674933 8000
1758124392134 1.8126567377438625 8500
1758124392201 0.6112315486694887 9000
1758124392263 1.302988707067412 9500
