1758162923049 1.3578680057755326 0
1758162923931 4.631558559060346 500
1758162924980 4.595938920987675 1000
1758162925890 4.588656237400716 1500
1758162926917 4.58279114956354 2000
1758162928079 4.569220464469466 2500
1758162930364 4.564574701069299 3000
1758162931561 4.561004147335742 3500
1758162932621 4.55898111248657 4000
1758162933612 4.557595410454004 4500
1758162934940 4.554219583276681 5000
1758162937365 4.5519130882948415 5500
1758162938863 4.549737075293276 6000
1758162941246 4.547275960027839 6500
1758162943441 4.546262418515426 7000
1758162947132 4.5458297507171705 7500
1758162952442 4.545606125794217 8000
1758162962944 4.5454712933193635 8500
1758162978901 4.545380695322933 9000
1758162982365 4.545315034190991 9500
