1758135080331 1.4541626583085865 0
1758135081227 0.8477149712092775 500
1758135081842 1.7627565782710293 1000
1758135082662 1.9348105178424528 1500
1758135083538 1.3871515548543212 2000
1758135084110 0.7068283062923455 2500
1758135085762 1.5408179501543138 3000
1758135086489 1.7519978418927067 3500
1758135087059 1.7163318612993488 4000
1758135087791 0.9586520516351625 4500
1758135088592 0.7707137134071148 5000
1758135089173 1.424510394408154 5500
1758135089799 1.0035180126925503 6000
1758135090401 1.320775791787887 6500
1758135091232 1.7084839801650462 7000
1758135092589 1.5391775053673755 7500
1758135093425 1.4781335768481307 8000
1758135094387 0.8367210677918568 8500
1758135095148 0.795133989683638 9000
1758135095748 0.7221804246388006 9500
