1757822139127 1.4110426932161357 0
1757822139509 0.6171495350868889 500
1757822139894 0.597051681842675 1000
1757822140248 0.6138334950505827 1500
1757822140648 0.6039001074184587 2000
1757822140971 0.5841691775144346 2500
1757822141295 0.6067418409053441 3000
1757822141661 0.5995545931164099 3500
1757822141978 0.6145683872187698 4000
1757822142390 0.6136771899243164 4500
1757822142776 0.5966496029350239 5000
1757822143141 0.595528343016761 5500
1757822143499 0.5780370208347906 6000
1757822143864 0.6066793883224779 6500
1757822144243 0.6130402306999878 7000
1757822144615 0.6052040321833241 7500
1757822145002 0.6459903353474997 8000
1757822145365 0.5958221621725733 8500
1757822145719 0.6052517871459571 9000
1757822146081 0.610665312873413 9500
