1758098621592 1.3870162192498987 0
1758098622835 0.6509566994389373 500
1758098624155 0.6245509121807515 1000
1758098625546 0.6147992872151388 1500
1758098626720 0.6101450856720972 2000
1758098627936 0.607601283244349 2500
1758098629227 0.6060733300650396 3000
1758098630403 0.6050838936098236 3500
1758098631583 0.604401317255673 4000
1758098632706 0.6039043654896668 4500
1758098633924 0.6035257211048474 5000
1758098635056 0.603226083776145 5500
1758098636209 0.6029814644001725 6000
1758098637329 0.6027766133778492 6500
1758098638431 0.6026014686701539 7000
1758098639741 0.6024491608226523 7500
1758098640902 0.6023148526650164 8000
1758098642048 0.6021950420987988 8500
1758098643309 0.6020871300040487 9000
1758098644582 0.6019891444780973 9500
