1757819325872 1.534846380447506 0
1757819326318 0.7396782968526715 500
1757819326705 0.691968880727429 1000
1757819327097 0.6607257639495641 1500
1757819327776 0.6536433785175851 2000
1757819328316 0.6428697553184126 2500
1757819328719 0.6416952349589998 3000
1757819329096 0.6240787404336132 3500
1757819329512 0.6491588944066323 4000
1757819329990 0.657637155839935 4500
1757819330453 0.6275747209265329 5000
1757819330974 0.6038355765540825 5500
1757819331373 0.6163982324340793 6000
1757819331832 0.6001186661537481 6500
1757819332258 0.602666097452751 7000
1757819332620 0.6040642684042976 7500
1757819333013 0.6143385304414002 8000
1757819333553 0.6059516589662898 8500
1757819334150 0.6043318041477879 9000
1757819335000 0.5316491605821796 9500
