1758135322200 1.518368556373963 0
1758135322654 0.625301755621936 500
1758135323038 0.623684547636448 1000
1758135323443 0.6318273581874565 1500
1758135324166 0.5929830791815459 2000
1758135324834 0.6093746763922826 2500
1758135325477 0.6031624671028107 3000
1758135325899 0.5969182250662549 3500
1758135326338 0.5953545259706862 4000
1758135326785 0.6114639087732594 4500
1758135327219 0.6044251761300902 5000
1758135327654 0.617951757800633 5500
1758135328092 0.6064503545542622 6000
1758135328560 0.5972388358910965 6500
1758135328981 0.6217661985724018 7000
1758135329378 0.593477393286451 7500
1758135329810 0.6068998510735272 8000
1758135330253 0.599558460640824 8500
1758135330762 0.6051139906388592 9000
1758135331254 0.5932535651957295 9500
