1757822829469 1.5088211697727882 0
1757822829873 0.6295633798188793 500
1757822830230 0.6064260344687482 1000
1757822830589 0.6097185725953463 1500
1757822830998 0.6206015061710269 2000
1757822831409 0.5827704853155558 2500
1757822831794 0.6064435888816544 3000
1757822832196 0.6016030193091914 3500
1757822832550 0.6043193419769793 4000
1757822832893 0.5669537404080269 4500
1757822833383 0.5882411137346325 5000
1757822833735 0.6053586782441426 5500
1757822834083 0.6083261386049258 6000
1757822834438 0.6099898628876532 6500
1757822834788 0.5783766077793108 7000
1757822835136 0.6282649419207236 7500
1757822835506 0.5892079601276935 8000
1757822835881 0.6057194470964917 8500
1757822836268 0.6258592067089724 9000
1757822836624 0.5872352118290499 9500
