1758124347488 1.4807713984558273 0
1758124348232 1.7084286441184893 500
1758124348705 1.3690793688998106 1000
1758124349088 1.4409462528362025 1500
1758124349505 0.6760975584476306 2000
1758124350080 1.699295050326746 2500
1758124350476 1.6450797092977656 3000
1758124350934 1.322650768525799 3500
1758124351381 1.5099844472465325 4000
1758124352452 1.515620527909372 4500
1758124353351 0.8763416869014722 5000
1758124354122 1.3344448706333554 5500
1758124354939 1.0546537814679247 6000
1758124355621 1.3706404869009985 6500
1758124356538 0.8383327488408183 7000
1758124357244 1.472942766544033 7500
1758124358416 1.8525778306180083 8000
1758124359419 1.8298963380626616 8500
1758124360553 0.7199496759606965 9000
1758124361372 0.7662390172869895 9500
