1758171158612 1.4024476502391245 0
1758171159103 0.9087205970706709 500
1758171159440 1.6784005838967508 1000
1758171159810 0.9716941275093348 1500
1758171160263 1.6129672729709628 2000
1758171160690 1.679162102299076 2500
1758171161140 0.9916994760251797 3000
1758171161570 1.6744262851798686 3500
1758171162017 0.6657014740858802 4000
1758171162639 0.9325323523336112 4500
1758171163178 0.6893995491131557 5000
1758171163650 1.413023040274998 5500
1758171164087 1.4315930499767615 6000
1758171164481 2.1246258086159417 6500
1758171164859 1.8628387752622153 7000
1758171165219 0.9219208855252943 7500
1758171165629 1.7176411075549851 8000
1758171166109 1.7413172108271597 8500
1758171166574 1.7023303642029675 9000
1758171166988 1.596971604947258 9500
