1758134956709 1.6543917628948965 0
1758134959828 0.6031824245904935 500
1758134962393 0.6015099062253468 1000
1758134964625 0.600799315605749 1500
1758134966526 0.6003624937000274 2000
1758134968287 0.6000560934088256 2500
1758134970955 0.5998216420744148 3000
1758134974338 0.5996310500642715 3500
1758134981886 0.5994698017166266 4000
1758134988367 0.5993299513053234 4500
1758134991035 0.5992068462943434 5000
1758134995074 0.5990975801239502 5500
1758134997519 0.5990003447076346 6000
1758135001308 0.5989141603469641 6500
1758135003335 0.5988386171519076 7000
1758135005171 0.5987734922188177 7500
1758135008809 0.5987183557901148 8000
1758135010725 0.5986723746076561 8500
1758135012475 0.5986343804906576 9000
1758135014388 0.5986030787995963 9500
