1758098564895 1.6453865987999627 0
1758098564997 1.4849937100374702 500
1758098565051 1.2218214265511242 1000
1758098565124 1.8641051027766125 1500
1758098565192 1.2682472300602454 2000
1758098565260 0.6449711996222751 2500
1758098565329 1.1243295402002784 3000
1758098565411 1.5805068709640258 3500
1758098565476 2.07847165923459 4000
1758098565543 1.5135578506101086 4500
1758098565719 1.7969623869234241 5000
1758098565796 1.3511595944804946 5500
1758098565881 1.4859210981284823 6000
1758098565975 1.1491860803047524 6500
1758098566014 1.8259282047418721 7000
1758098566104 0.926522778296732 7500
1758098566231 2.2852857167813587 8000
1758098566289 0.6478508255170964 8500
1758098566345 1.8088338827155552 9000
1758098566404 1.4538403141836467 9500
