1757822792563 1.4767878760771722 0
1757822793518 0.6524936019327504 500
1757822794410 0.6246860310742529 1000
1757822795301 0.6144221093460741 1500
1757822796264 0.6095702960082585 2000
1757822797270 0.6069563035286732 2500
1757822798139 0.6054130671778274 3000
1757822799035 0.604431700461801 3500
1757822799918 0.6037658472730729 4000
1757822800871 0.6032872568786944 4500
1757822801814 0.6029253591538178 5000
1757822802770 0.6026395129555925 5500
1757822803718 0.602405362973883 6000
1757822804671 0.6022077727929246 6500
1757822805692 0.6020370075449724 7000
1757822806718 0.6018865981768841 7500
1757822807889 0.6017521093190698 8000
1757822809043 0.601630408357432 8500
1757822810254 0.6015192203181866 9000
1757822811552 0.6014168498762384 9500
