1758163368974 1.6104482062425958 0
1758163370554 0.6520935542189265 500
1758163371745 0.6244445377144876 1000
1758163373039 0.6144234324379855 1500
1758163374261 0.6097259401279738 2000
1758163375625 0.6071980781626255 2500
1758163377061 0.605700278375064 3000
1758163378564 0.6047422806664732 3500
1758163380277 0.6040888145168933 4000
1758163383026 0.603617851954484 4500
1758163386012 0.6032621466744226 5000
1758163387756 0.6029827145385405 5500
1758163389477 0.6027559257304674 6000
1758163391013 0.6025668671249238 6500
1758163393900 0.6024057715181985 7000
1758163395470 0.6022660206373108 7500
1758163397034 0.602142988668189 8000
1758163398752 0.6020333505310734 8500
1758163400629 0.601934655306669 9000
1758163402136 0.6018450554276014 9500
