1758125880515 1.2719030046838684 0
1758125880599 1.6564520905478217 500
1758125880695 0.27672983392793776 1000
1758125880760 1.7062629994219116 1500
1758125880830 1.1700328631082197 2000
1758125880939 0.9942050143531854 2500
1758125881018 1.1329683662620365 3000
1758125881100 1.0495851569173322 3500
1758125881201 0.6449366946139229 4000
1758125881291 0.5967509106926648 4500
1758125881429 1.1582626701077938 5000
1758125881539 0.3051821417915737 5500
1758125881647 0.42318210772626497 6000
1758125881772 1.2743696676047758 6500
1758125881831 0.9641944634244575 7000
1758125881887 0.6672080231848153 7500
1758125881943 0.6710495484993363 8000
1758125882021 0.5581500168660541 8500
1758125882088 1.1523114588584544 9000
1758125882154 0.03719511602283424 9500
