1758205671326 1.410219692291216 0
1758205672947 0.6137576638134602 500
1758205674068 0.6165535670852523 1000
1758205674842 0.5949890564907571 1500
1758205675577 0.6044504196283096 2000
1758205675994 0.6196303580903335 2500
1758205676409 0.6051777968444032 3000
1758205676804 0.6028781201592619 3500
1758205677193 0.6090079319444452 4000
1758205677717 0.5948017627028931 4500
1758205678329 0.6051926331646948 5000
1758205679111 0.6313624101412171 5500
1758205679656 0.5981776763007849 6000
1758205680265 0.5883911647636707 6500
1758205680828 0.6014594960092285 7000
1758205681607 0.6007027801005169 7500
1758205682536 0.5714128011782073 8000
1758205683341 0.6213606314250183 8500
1758205684117 0.6032247279627475 9000
1758205685348 0.6053524454272681 9500
