1757822162375 1.0180551561244073 0
1757822162470 0.37015375494624836 500
1757822162564 1.2859145438417394 1000
1757822162622 0.42808897148846564 1500
1757822162678 0.7922101491330239 2000
1757822162733 1.2367939090120459 2500
1757822162796 0.8102967964983908 3000
1757822162874 1.3905782855825775 3500
1757822162940 3.698855714829545 4000
1757822163007 2.1359712013479144 4500
1757822163084 0.01625478263194165 5000
1757822163171 0.30259164764219343 5500
1757822163252 1.031867819586187 6000
1757822163325 0.34231923790938434 6500
1757822163366 1.0652891843564458 7000
1757822163458 0.03440925068107029 7500
1757822163506 0.01679341964279626 8000
1757822163603 1.431468716276226 8500
1757822163656 1.8952722929338426 9000
1757822163716 0.09299051183387391 9500
