1758211674503 1.7603223646372363 0
1758211675403 0.7741090342577355 500
1758211676029 0.684370231389253 1000
1758211676590 0.6587503635283152 1500
1758211677587 0.6611903717316193 2000
1758211678468 0.6078518105967748 2500
1758211679366 0.6356792071318313 3000
1758211680443 0.6279963431857928 3500
1758211681487 0.6255135992525082 4000
1758211682196 0.6189441804753829 4500
1758211683489 0.6389978420212062 5000
1758211684209 0.6130182104139978 5500
1758211684948 0.604811705831458 6000
1758211685541 0.5931268017315982 6500
1758211686083 0.6401611068194564 7000
1758211687092 0.6225675751886391 7500
1758211688649 0.6158497627749717 8000
1758211690199 0.6002894595524982 8500
1758211691311 0.5961044942002227 9000
1758211691918 0.6014247042953155 9500
