1758172248917 1.808286183175885 0
1758172249047 0.42406879700380806 500
1758172249163 0.9679055760051801 1000
1758172249231 1.2965429332748124 1500
1758172249285 1.3921344609739414 2000
1758172249345 1.1707752177234618 2500
1758172249437 1.1880695819401939 3000
1758172249501 0.4127201760955421 3500
1758172249567 1.1971911995887003 4000
1758172249640 1.3474533181677257 4500
1758172249725 1.1463948711324639 5000
1758172249801 0.46123978303837065 5500
1758172249896 1.0876731877358565 6000
1758172250030 1.3301921086739017 6500
1758172250087 1.261589143603204 7000
1758172250141 1.3460974748250947 7500
1758172250210 0.8347467896752783 8000
1758172250303 0.9260201981654482 8500
1758172250367 0.47297529030255836 9000
1758172250433 0.6612430601481135 9500
