1758211788029 1.674433620506798 0
1758211789506 0.6035514542896305 500
1758211790907 0.6019010493381782 1000
1758211792650 0.6012774015860862 1500
1758211793885 0.6009227655599405 2000
1758211795186 0.6006934204665267 2500
1758211796458 0.6005339581961231 3000
1758211797683 0.6004174129310331 3500
1758211798889 0.6003291162044413 4000
1758211800434 0.6002604437663682 4500
1758211801680 0.6002059913646556 5000
1758211804134 0.6001621836870041 5500
1758211806306 0.6001265447278274 6000
1758211807945 0.6000972942925954 6500
1758211809448 0.6000731136673578 7000
1758211810981 0.600053002928369 7500
1758211812399 0.600036189995901 8000
1758211814067 0.6000220701633341 8500
1758211815533 0.6000101643654071 9000
1758211816877 0.600000089467877 9500
