1758125613757 1.2844068430283777 0
1758125613862 1.8673953486463684 500
1758125613920 1.5256361446894604 1000
1758125613992 1.4106143168571998 1500
1758125614061 1.2561121580243833 2000
1758125614127 1.2171705863066733 2500
1758125614199 1.2897236830830712 3000
1758125614275 0.7250522074294334 3500
1758125614353 1.2806218106725966 4000
1758125614447 1.4361296656817195 4500
1758125614564 0.9986956793450144 5000
1758125614693 0.48626443077919107 5500
1758125614786 1.2586366636901347 6000
1758125614877 0.24812108117152873 6500
1758125614941 0.6687859262555419 7000
1758125614996 1.486316241309807 7500
1758125615071 1.1890393424218373 8000
1758125615139 0.3900765880426493 8500
1758125615215 0.3258587964610684 9000
1758125615287 1.3471614083545038 9500
