1758135167062 1.8635916035014843 0
1758135167148 1.113708958821615 500
1758135167242 0.8023957584707226 1000
1758135167300 1.703818014308268 1500
1758135167362 1.3330381651575822 2000
1758135167427 1.312301336093909 2500
1758135167512 0.7617880647361196 3000
1758135167582 1.3298263033728384 3500
1758135167653 0.4281568245294522 4000
1758135167736 1.408210973354508 4500
1758135167819 1.6757735526737316 5000
1758135167901 1.304618086962734 5500
1758135168012 0.39618259030645325 6000
1758135168103 0.8760524416127449 6500
1758135168152 1.1624746728861424 7000
1758135168240 1.1381906010113234 7500
1758135168366 1.131374285075988 8000
1758135168426 0.8922133183231118 8500
1758135168484 0.1606702794633412 9000
1758135168554 1.2015004544835137 9500
