1758098531045 1.69192201707405 0
1758098531822 0.620888716454461 500
1758098532420 0.5837854811853523 1000
1758098533106 0.6116120961642866 1500
1758098533776 0.6135657219580993 2000
1758098534418 0.5947020044818196 2500
1758098535421 0.6214405440439335 3000
1758098536290 0.6012314627759184 3500
1758098536878 0.5617218227911412 4000
1758098537483 0.5788804258659535 4500
1758098538127 0.5878357079054843 5000
1758098538699 0.6034930219002445 5500
1758098539433 0.60802894498211 6000
1758098539932 0.6017721856838955 6500
1758098540479 0.6017417074917071 7000
1758098541087 0.5991410616986153 7500
1758098541533 0.6087909759764258 8000
1758098541996 0.5987553711746201 8500
1758098542445 0.5734421117030591 9000
1758098543463 0.5730872691649294 9500
