1758135160660 1.7597924340606783 0
1758135160784 0.4309807461582423 500
1758135160843 0.136633632434067 1000
1758135160901 0.9568599043037973 1500
1758135160970 0.8854505622404772 2000
1758135161065 1.165925001225683 2500
1758135161140 0.9641473144129952 3000
1758135161228 1.1283054197525924 3500
1758135161357 1.0817092139399922 4000
1758135161498 0.09938691263113242 4500
1758135161635 0.9958391818375634 5000
1758135161806 1.221264478831328 5500
1758135161975 1.415658494362405 6000
1758135162103 1.0523298592031802 6500
1758135162154 0.33495532525881205 7000
1758135162211 0.9531855459486429 7500
1758135162264 0.5979080794247952 8000
1758135162320 1.3847006729583888 8500
1758135162380 0.5525142932606274 9000
1758135162475 1.0836686635090396 9500
