1758211911506 3.8764456462170216 0
1758211911651 1.8079515696016613 500
1758211911882 1.2233679105293531 1000
1758211911960 1.127878532743934 1500
1758211912036 0.9073783633943817 2000
1758211912136 1.1352908654396006 2500
1758211912223 1.0106525888630502 3000
1758211912294 1.3570692536067277 3500
1758211912389 1.1460817615319479 4000
1758211912472 0.6015517278097731 4500
1758211912557 1.476251151553884 5000
1758211912686 1.2068994592609754 5500
1758211912808 0.6866024908951893 6000
1758211912976 0.6160673873740821 6500
1758211913025 0.4851174289593049 7000
1758211913118 1.3428187897882118 7500
1758211913175 1.2628197708922804 8000
1758211913251 0.17677687338829287 8500
1758211913334 1.2409148253513336 9000
1758211913410 0.6935468145297621 9500
