1758210139910 1.2155887104996417 0
1758210141058 5.507697277163531 500
1758210142177 5.5092018125391915 1000
1758210143296 5.508979319590246 1500
1758210144403 5.508844569901223 2000
1758210145515 5.50879834381648 2500
1758210146854 5.508783212999279 3000
1758210147969 5.508778204500092 3500
1758210149431 5.508776517029023 4000
1758210150605 5.508775939405621 4500
1758210152430 5.508775739116456 5000
1758210153625 5.508775668953287 5500
1758210154802 5.5087756441765885 6000
1758210155994 5.5087756353720465 6500
1758210157721 5.508775632227785 7000
1758210158934 5.508775631100495 7500
1758210160416 5.508775630695056 8000
1758210161633 5.508775630548859 8500
1758210163046 5.508775630496029 9000
1758210164448 5.508775630476904 9500
