1757822127341 1.5663926492368412 0
1757822127713 1.4216206378884706 500
1757822128079 0.9495418294810795 1000
1757822128436 1.5624882196043457 1500
1757822128781 1.4475755658916518 2000
1757822129153 1.49730428849691 2500
1757822129494 0.7900417020606545 3000
1757822129836 1.6342174920189758 3500
1757822130239 1.5637975484165239 4000
1757822130987 1.113876194531285 4500
1757822131412 1.5721784863917565 5000
1757822131784 1.636521731442679 5500
1757822132177 0.7745438945132695 6000
1757822132554 1.764805035900395 6500
1757822132922 1.6311753809543557 7000
1757822133283 1.2186510789393534 7500
1757822133641 1.5091306861004878 8000
1757822133997 0.9213640799384564 8500
1757822134373 1.3195253194256822 9000
1757822134738 0.7839805615742272 9500
