1758125599039 1.3712961840007536 0
1758125599620 0.7317142127637721 500
1758125600113 0.6857230813446428 1000
1758125600637 0.676507329056437 1500
1758125601070 0.6398899130591426 2000
1758125601567 0.6428719323442162 2500
1758125602275 0.6440002217229244 3000
1758125602744 0.6307892060246741 3500
1758125603149 0.6141295175764299 4000
1758125603598 0.6442012606920485 4500
1758125603988 0.611495281471038 5000
1758125604396 0.6083583583094769 5500
1758125604870 0.6395441145885867 6000
1758125605599 0.6166075568907239 6500
1758125606022 0.6238909627521887 7000
1758125606543 0.6043274247121487 7500
1758125606946 0.607942167780676 8000
1758125607501 0.6193607991575577 8500
1758125608022 0.6053559474059553 9000
1758125608465 0.6090804297037457 9500
