1758125420080 1.5234463554843316 0
1758125421138 1.817896753983425 500
1758125421899 0.7180640741628601 1000
1758125422444 0.7114277080401181 1500
1758125422893 1.769708119682606 2000
1758125423432 1.4199533637805413 2500
1758125423893 1.8912552337768753 3000
1758125424384 1.5355081757509985 3500
1758125424794 1.329069325942378 4000
1758125425227 1.9221045489992459 4500
1758125425714 1.5373127458202875 5000
1758125426260 1.783360691403253 5500
1758125426817 1.780763787337383 6000
1758125427500 1.5045660796729858 6500
1758125427912 0.7845386330116481 7000
1758125428335 1.4506470352863734 7500
1758125428768 1.7363494794830618 8000
1758125429262 1.5170461096790393 8500
1758125429796 1.2640397539983559 9000
1758125430544 0.7427165552481894 9500
