1757821314814 1.3362638712366206 0
1757821314902 1.0711752018398495 500
1757821314990 1.5627394802913661 1000
1757821315083 1.5746747284178813 1500
1757821315125 2.0050338057604726 2000
1757821315225 1.109957672642075 2500
1757821315280 0.9938057652518291 3000
1757821315337 1.9153407609293949 3500
1757821315389 1.7223843685939666 4000
1757821315443 1.3928995473715056 4500
1757821315499 1.7639005195607909 5000
1757821315566 1.5004971818259378 5500
1757821315634 1.352128636532715 6000
1757821315697 1.7974344505674533 6500
1757821315730 1.9438803846253943 7000
1757821315813 1.023592743872054 7500
1757821315904 1.0458108589947683 8000
1757821315947 1.022049544547536 8500
1757821316045 0.9115081688810968 9000
1757821316093 1.6128715745335112 9500
