1758125572117 1.685930423996399 0
1758125574363 1.7178214358027792 500
1758125575480 0.8310097794481024 1000
1758125576568 1.811372429160205 1500
1758125577127 0.6771627589958413 2000
1758125577686 1.1042374955506633 2500
1758125578409 1.791687242645708 3000
1758125578933 1.6569652909806822 3500
1758125579581 1.87542389144936 4000
1758125580127 1.615585935275678 4500
1758125580785 1.410168866445485 5000
1758125581286 0.7089346918668973 5500
1758125581839 0.6376262840135767 6000
1758125582383 1.208612234181174 6500
1758125582956 1.6236196000496588 7000
1758125583575 0.7267848983498086 7500
1758125584148 0.7625978887442181 8000
1758125584763 0.9723785248549895 8500
1758125585226 1.8254295740729616 9000
1758125585777 1.6000105548897268 9500
