1758098426870 1.3876837071614168 0
1758098428102 5.405198163161414 500
1758098428949 5.384998439609688 1000
1758098429881 5.371821187910515 1500
1758098430827 5.366514941317512 2000
1758098431859 5.371406416094561 2500
1758098433446 5.368917750522329 3000
1758098434576 5.366425930151324 3500
1758098435790 5.364905378173199 4000
1758098437124 5.363761284672889 4500
1758098438303 5.36294424905814 5000
1758098439444 5.361605653207081 5500
1758098440496 5.3594715247644364 6000
1758098441765 5.357531006549942 6500
1758098442853 5.356631018864644 7000
1758098443985 5.356189337989293 7500
1758098445301 5.355933191630173 8000
1758098446397 5.355765289397397 8500
1758098447272 5.355646320212501 9000
1758098448247 5.355557646595899 9500
