1757821941247 1.5255206930305283 0
1757821941628 0.7347190957733674 500
1757821941997 0.7058414876054669 1000
1757821942333 0.6570395685301383 1500
1757821942669 0.653763982681844 2000
1757821942995 0.6561613871586681 2500
1757821943405 0.6295415498419851 3000
1757821943815 0.6292834290702706 3500
1757821944241 0.6358947598599767 4000
1757821944609 0.6226660030545558 4500
1757821945041 0.6051691855593445 5000
1757821945528 0.6332615659932743 5500
1757821945914 0.6130225834195775 6000
1757821946340 0.6137475987120028 6500
1757821946952 0.6208468441236981 7000
1757821947607 0.5910379381103964 7500
1757821948098 0.6002854358057111 8000
1757821948613 0.6044338293352064 8500
1757821949095 0.6047138261923893 9000
1757821949634 0.6035408943193369 9500
