1758126054023 1.5206729227987792 0
1758126054454 0.7337472394080689 500
1758126054857 0.6912329085842813 1000
1758126055344 0.659378800383617 1500
1758126055763 0.6594183905052932 2000
1758126056156 0.6334401290501114 2500
1758126056632 0.6356528735202159 3000
1758126057047 0.6197123869528688 3500
1758126057808 0.6107391937060734 4000
1758126058556 0.6249273718122254 4500
1758126058960 0.6196715521376399 5000
1758126059513 0.6120082573570333 5500
1758126059923 0.6176286367563677 6000
1758126060610 0.618644778196385 6500
1758126061790 0.621947344683113 7000
1758126062847 0.5165970576937856 7500
1758126063544 0.5992549932751291 8000
1758126064162 0.601008517347088 8500
1758126064715 0.6432126391246801 9000
1758126065284 0.5959111239787369 9500
