1758211650237 1.5883163764745778 0
1758211651625 0.611948774554891 500
1758211652771 0.6112664311756251 1000
1758211653797 0.6024213663555608 1500
1758211654563 0.6053671412493817 2000
1758211655427 0.5955847651389508 2500
1758211656200 0.6044824715779274 3000
1758211657058 0.6016076787113757 3500
1758211658005 0.5980221847203572 4000
1758211658547 0.6072143192894848 4500
1758211659553 0.5948954825241619 5000
1758211660659 0.5901802667711622 5500
1758211661356 0.6247540314430151 6000
1758211661961 0.60805957325025 6500
1758211662535 0.5785853442206876 7000
1758211663097 0.5882511577925611 7500
1758211663697 0.5961828570274145 8000
1758211664887 0.5964512967157801 8500
1758211665775 0.6024996843813296 9000
1758211666514 0.6002288447715459 9500
