1758135336733 1.401553842436511 0
1758135337251 0.740597383011905 500
1758135337662 0.6806195761170231 1000
1758135338054 0.6585817467624631 1500
1758135338488 0.6484301239853589 2000
1758135338887 0.6742408187062303 2500
1758135339384 0.6407006678740232 3000
1758135339806 0.6231867688604225 3500
1758135340269 0.6155726071778663 4000
1758135340787 0.63441207398991 4500
1758135341229 0.6073984508310147 5000
1758135341791 0.6121555653744936 5500
1758135342216 0.6153349772160496 6000
1758135342646 0.6318460543448305 6500
1758135343093 0.628179528963802 7000
1758135343583 0.6006801606478738 7500
1758135344501 0.6217866895567228 8000
1758135344960 0.6182167910165467 8500
1758135345410 0.5970064695881011 9000
1758135345895 0.6031951763558968 9500
