1758098683875 1.4634782464619627 0
1758098683977 1.4099883343923447 500
1758098684022 1.623516533508092 1000
1758098684122 1.6955259192640129 1500
1758098684169 2.221005564551949 2000
1758098684273 1.8323812666939066 2500
1758098684330 1.812201409221388 3000
1758098684386 1.3626865579083085 3500
1758098684446 1.6152235275397824 4000
1758098684510 1.3776136731092834 4500
1758098684575 1.5820888979985244 5000
1758098684666 1.5257530533041204 5500
1758098684734 1.6963206341311796 6000
1758098684802 1.284576079314105 6500
1758098684843 1.4355168024564993 7000
1758098684934 0.9799598314565067 7500
1758098684980 1.319692652523259 8000
1758098685080 1.5232359809451343 8500
1758098685136 1.1968648289673496 9000
1758098685201 1.245737769973193 9500
