1757822993726 0.687495945186228 0
1757822993818 1.9599620619866533 500
1757822993905 2.014606314981542 1000
1757822993991 0.9444517383756053 1500
1757822994090 0.606767683213723 2000
1757822994136 1.2867009392307724 2500
1757822994249 1.9174231060085618 3000
1757822994301 1.0836448068213629 3500
1757822994352 1.988066521132071 4000
1757822994406 1.9605926406746321 4500
1757822994469 1.2383815263091904 5000
1757822994529 1.5544798334444707 5500
1757822994592 0.6782479476958341 6000
1757822994652 1.6031433546620915 6500
1757822994702 1.5599723369210075 7000
1757822994741 1.187994710959686 7500
1757822994835 0.8697189341831728 8000
1757822994878 1.3189999979934688 8500
1757822994974 1.1788291953070322 9000
1757822995021 2.06932030729369 9500
