1758125873139 1.8139771354141805 0
1758125873287 0.794027004341047 500
1758125873404 0.7115069739463602 1000
1758125873519 0.7263567997049897 1500
1758125873607 1.3877711107336579 2000
1758125873701 1.383979281046641 2500
1758125873852 0.2337459606117572 3000
1758125873965 1.2708486729255788 3500
1758125874099 1.2361228578387784 4000
1758125874361 0.6351088413343888 4500
1758125874492 0.6487585378029156 5000
1758125874642 1.0480388182521785 5500
1758125874784 0.013135675341141644 6000
1758125875009 0.2043766014838337 6500
1758125875122 0.36311016093183746 7000
1758125875213 1.3905739292361223 7500
1758125875330 0.7713005005700436 8000
1758125875426 0.6317179723984475 8500
1758125875506 0.08097340732339074 9000
1758125875620 0.005942719861367471 9500
