1758135031169 1.5607686015618594 0
1758135033174 0.6521145694154533 500
1758135035062 0.6244472953349937 1000
1758135036574 0.614342617851646 1500
1758135038427 0.6096005314965578 2000
1758135040176 0.6070540323864964 2500
1758135041818 0.6055502836450704 3000
1758135043718 0.6045911152734014 3500
1758135045910 0.6039370013712053 4000
1758135047980 0.6034638348968305 4500
1758135049623 0.6031035376871953 5000
1758135051945 0.602816979525388 5500
1758135054259 0.6025807349863705 6000
1758135056338 0.6023802493161085 6500
1758135058484 0.6022061566052661 7000
1758135061560 0.6020522238997753 7500
1758135063571 0.6019141670016467 8000
1758135065063 0.6017889489757273 8500
1758135066521 0.6016743535672564 9000
1758135068629 0.6015687191859596 9500
