1757821264671 1.3009435462902523 0
1757821266771 1.4981324243616594 500
1757821267514 1.274658577646235 1000
1757821267938 1.4210029500016779 1500
1757821268400 1.6347095811267347 2000
1757821268777 1.6067998502239516 2500
1757821269238 1.3974140960538262 3000
1757821269684 1.7888846930184614 3500
1757821270300 1.4105098982453887 4000
1757821270701 0.7305293225904276 4500
1757821271105 1.5359010373892406 5000
1757821271517 1.7686632588937428 5500
1757821271903 0.6775837613575991 6000
1757821272351 1.0731753082085824 6500
1757821272745 1.8194233673217541 7000
1757821273127 1.726419694477543 7500
1757821273573 1.7472873248293292 8000
1757821274013 1.1308876530823768 8500
1757821274427 1.447095446174988 9000
1757821274844 1.2224918893721861 9500
