1758172099954 1.9056079627791591 0
1758172100078 1.3282372292020126 500
1758172100171 1.4166923684778951 1000
1758172100215 1.7271349686973656 1500
1758172100329 0.6394433747206222 2000
1758172100379 1.3597138605952646 2500
1758172100430 0.3815070923536726 3000
1758172100487 2.0826200311405114 3500
1758172100555 1.1872498768943318 4000
1758172100620 0.6677875694870737 4500
1758172100684 0.4457895839026992 5000
1758172100750 0.45516001386716237 5500
1758172100851 1.285994130619599 6000
1758172100989 1.061429182514838 6500
1758172101044 1.6977131101525507 7000
1758172101099 0.28965859647846426 7500
1758172101149 1.4825523560922236 8000
1758172101210 0.941661484459004 8500
1758172101267 0.5403181114565968 9000
1758172101337 1.7028453425119083 9500
