1758125587597 1.573846862037549 0
1758125588114 0.6122456382344891 500
1758125588585 0.6085990114665679 1000
1758125589064 0.6183972823602163 1500
1758125589537 0.5966643187660301 2000
1758125590036 0.5955523250138299 2500
1758125590636 0.5794151391801533 3000
1758125591226 0.6067164095159153 3500
1758125591707 0.601153053858573 4000
1758125592249 0.5822598283178092 4500
1758125592801 0.6050078053614987 5000
1758125593394 0.500420130441717 5500
1758125593928 0.6020874578475474 6000
1758125594417 0.5895547022954231 6500
1758125594867 0.607059101111261 7000
1758125595273 0.5951034597266925 7500
1758125595665 0.6110765965752882 8000
1758125596122 0.6244472869925225 8500
1758125596619 0.5755909114265764 9000
1758125597118 0.6083530272006192 9500
