1757823559358 1.4607535674772392 0
1757823561380 0.6522576492737229 500
1757823562606 0.6245823482899483 1000
1757823564136 0.6143918719575933 1500
1757823565420 0.6095795334945756 2000
1757823566953 0.6069876016748227 2500
1757823568780 0.6054568302742326 3000
1757823570870 0.6044827674427411 3500
1757823572876 0.6038214744491662 4000
1757823574509 0.6033459666365961 4500
1757823576219 0.6029863202185228 5000
1757823578097 0.6027022158516038 5500
1757823580211 0.6024694528823781 6000
1757823582162 0.6022729655634398 6500
1757823584066 0.6021030495616597 7000
1757823586045 0.6019532491280765 7500
1757823587433 0.601819136577359 8000
1757823588703 0.6016975868652441 8500
1757823589998 0.6015863347195577 9000
1757823591383 0.6014836972157769 9500
