1758125539921 1.462584724101847 0
1758125541681 0.6519077514548581 500
1758125543129 0.6247596399708538 1000
1758125545192 0.6149044949273889 1500
1758125547027 0.6102433934515961 2000
1758125548467 0.6077063200608581 2500
1758125549883 0.6061835641573001 3000
1758125551532 0.6051960760228761 3500
1758125553129 0.6045129512812963 4000
1758125554766 0.604013832592677 4500
1758125556278 0.6036320268342001 5000
1758125557646 0.6033286310417082 5500
1758125559138 0.6030799034744044 6000
1758125560484 0.6028707502996332 6500
1758125561787 0.6026912102908435 7000
1758125562943 0.6025344815443989 7500
1758125564267 0.6023957738524134 8000
1758125565411 0.6022716189402063 8500
1758125566794 0.602159442818086 9000
1758125568092 0.602057292722259 9500
