1757822296703 1.2207537442307577 0
1757822296791 1.0648434341680841 500
1757822296896 1.2657773830299328 1000
1757822296961 0.8893010407854777 1500
1757822297018 0.6066790136436704 2000
1757822297074 1.0648339682334909 2500
1757822297135 0.6259912616299933 3000
1757822297225 1.1799875555525547 3500
1757822297295 1.3892715719641084 4000
1757822297364 1.277922894139484 4500
1757822297440 0.7220347144096 5000
1757822297522 0.7349230222035804 5500
1757822297606 1.1425863196952135 6000
1757822297682 1.2329534665207924 6500
1757822297724 1.2263026170767795 7000
1757822297810 1.2189650835252865 7500
1757822297907 1.16222422466718 8000
1757822297959 1.360351699430669 8500
1757822298017 1.3411509075324126 9000
1757822298081 1.2721847440109642 9500
