1757822960254 1.7532400533495018 0
1757822960630 0.6192699532331326 500
1757822961068 0.596864383553282 1000
1757822961389 0.6291958338800372 1500
1757822961740 0.6141376449488585 2000
1757822962067 0.6386934757290267 2500
1757822962398 0.6095965112280212 3000
1757822962764 0.5999239010824473 3500
1757822963102 0.6066803873094171 4000
1757822963475 0.6308117461504441 4500
1757822963809 0.6068527543057011 5000
1757822964139 0.605675112494704 5500
1757822964497 0.6213575000031157 6000
1757822964845 0.5928482837155631 6500
1757822965187 0.6155083747352632 7000
1757822965552 0.5746902197997514 7500
1757822965918 0.6071218208231153 8000
1757822966289 0.6333075057767453 8500
1757822966654 0.6573487609684919 9000
1757822967042 0.6165037776757147 9500
