1758125463489 1.0404641372116452 0
1758125463607 2.1345584730558227 500
1758125463668 2.466360060353164 1000
1758125463745 2.7543980196035998 1500
1758125463828 0.85487843547977 2000
1758125463890 2.1465227154220248 2500
1758125463965 1.7635361556054168 3000
1758125464050 1.3448909890114538 3500
1758125464152 2.4160561558278473 4000
1758125464265 1.114930261315611 4500
1758125464354 1.0750725055261947 5000
1758125464440 1.6803303129149916 5500
1758125464577 1.5494024606871204 6000
1758125464731 1.8596862966952106 6500
1758125464801 1.6384159007654058 7000
1758125464856 1.4812880366974361 7500
1758125464913 0.8319202600447005 8000
1758125464969 1.8371313304530417 8500
1758125465041 1.6026240241360177 9000
1758125465141 1.1461742745980446 9500
