1757819356255 1.7361831428946788 0
1757819357189 5.507478408135225 500
1757819358222 5.5091689878884695 1000
1757819360254 5.508962209410921 1500
1757819361413 5.508837984151499 2000
1757819362560 5.508796084080224 2500
1757819363779 5.50878246448701 3000
1757819364932 5.508777958069498 3500
1757819366330 5.508776435563246 4000
1757819367493 5.508775912285391 4500
1757819368714 5.508775730023039 5000
1757819370637 5.508775665884406 5500
1757819372247 5.508775643135024 6000
1757819373774 5.508775635016814 6500
1757819375148 5.508775632106114 7000
1757819376707 5.508775631058662 7500
1757819378007 5.508775630680623 8000
1757819379483 5.508775630543864 8500
1757819380829 5.508775630494294 9000
1757819382925 5.5087756304763005 9500
