1758205659201 1.7483536941901991 0
1758205659853 0.6971133067170763 500
1758205660255 0.8988788131056552 1000
1758205660669 0.9596917692556151 1500
1758205661073 1.650479696726214 2000
1758205661484 1.1221404107384403 2500
1758205661876 1.6222531769562305 3000
1758205662259 1.2661084892150507 3500
1758205662618 0.7211955347014312 4000
1758205662967 0.7934438282451775 4500
1758205663331 1.1044250703571445 5000
1758205663727 0.7603224275224751 5500
1758205664104 1.3883172777608894 6000
1758205664474 1.734120139401127 6500
1758205664840 1.4724885539114756 7000
1758205665211 1.380811540610209 7500
1758205665572 1.0286499895048198 8000
1758205666017 1.8727851895825762 8500
1758205666380 1.5630423896701364 9000
1758205666786 1.702987696020245 9500
