1758124888088 1.495693437077355 0
1758124888671 0.7416890298804709 500
1758124889279 0.681211831869976 1000
1758124889841 0.6551828054555728 1500
1758124890595 0.6373881834794396 2000
1758124891396 0.689782453904809 2500
1758124891906 0.6276443871351113 3000
1758124892444 0.6097687840605515 3500
1758124893077 0.6332255104896309 4000
1758124893655 0.6437554502523963 4500
1758124894341 0.6128690899634084 5000
1758124894903 0.6139526102595342 5500
1758124895459 0.6104003933137983 6000
1758124896018 0.5895678099384063 6500
1758124896598 0.619124453007734 7000
1758124897150 0.5877333908383346 7500
1758124897699 0.612153183582644 8000
1758124898392 0.6146775309124379 8500
1758124899091 0.8022299406822379 9000
1758124899690 0.5901024033242247 9500
