1758126071116 1.3578608229940698 0
1758126071284 0.6660547257822939 500
1758126071367 1.339243149891283 1000
1758126071474 1.2371463805804952 1500
1758126071650 1.1192141215058027 2000
1758126071927 1.1512760140250335 2500
1758126072118 1.5203314416055251 3000
1758126072415 0.35904485206880465 3500
1758126072566 1.2431843234827746 4000
1758126072703 0.613441080264932 4500
1758126072794 1.2311761899334117 5000
1758126072950 0.5596282018100636 5500
1758126073098 1.4782428422193734 6000
1758126073236 1.3115723076122134 6500
1758126073293 0.8000363818133898 7000
1758126073353 1.0179968611381656 7500
1758126073412 1.5852539042909473 8000
1758126073508 1.3038598705180644 8500
1758126073589 1.162904306990987 9000
1758126073673 0.7169549546717464 9500
