1758124832563 1.5112454071515387 0
1758124834014 0.652336638864689 500
1758124835576 0.6246323040008752 1000
1758124836870 0.6144369631371901 1500
1758124837895 0.6096206851535072 2000
1758124838900 0.6070228101190598 2500
1758124839908 0.6054859450211545 3000
1758124841030 0.6045063648261385 3500
1758124842243 0.6038403252344664 4000
1758124843217 0.6033608792855556 4500
1758124844122 0.602998092482473 5000
1758124845037 0.6027116141506507 5500
1758124846114 0.6024772005261113 6000
1758124847071 0.6022797354758964 6500
1758124848020 0.6021094600827313 7000
1758124849086 0.6019598620237346 7500
1758124850399 0.6018264565921752 8000
1758124851553 0.6017060623169359 8500
1758124852815 0.6015963587853775 9000
1758124854729 0.6014956096817158 9500
