1758125973573 1.6122529628463085 0
1758125974997 0.6533161208845862 500
1758125976149 0.6253442385400189 1000
1758125977479 0.6151197448969629 1500
1758125978755 0.6102919719803817 2000
1758125980062 0.6076756224230507 2500
1758125981525 0.6061131443137425 3000
1758125982863 0.6051051734561326 3500
1758125986035 0.6044115641267536 4000
1758125989174 0.6039074507902802 4500
1758125990968 0.6035238037790333 5000
1758125992627 0.6032204451741372 5500
1758125996367 0.6029729056745258 6000
1758126000127 0.6027656592189944 6500
1758126003441 0.6025884781700352 7000
1758126004993 0.6024343907758437 7500
1758126006666 0.6022984951793223 8000
1758126009045 0.6021772476973306 8500
1758126011085 0.6020680222057975 9000
1758126013147 0.6019688291897038 9500
