1757821353839 1.2307083269320847 0
1757821354947 0.6036519201167073 500
1757821355995 0.6019717883193666 1000
1757821357026 0.6013146656797562 1500
1757821358058 0.6009370816830776 2000
1757821359160 0.6006953043572669 2500
1757821360285 0.6005298233494523 3000
1757821361336 0.600410630866817 3500
1757821362513 0.6003214108372484 4000
1757821363681 0.6002526954724138 4500
1757821364823 0.6001986390468291 5000
1757821365966 0.60015542840467 5500
1757821367327 0.6001204579371114 6000
1757821368496 0.6000918776800774 6500
1757821369621 0.6000683329116934 7000
1757821370920 0.6000488068336653 7500
1757821372110 0.6000325212356686 8000
1757821373324 0.6000188711709347 8500
1757821374538 0.6000073804163852 9000
1757821375695 0.5999976701480552 9500
