1758172209478 1.374130979068147 0
1758172209895 1.4577792323808716 500
1758172210260 1.89077913149294 1000
1758172210645 1.0011088560303567 1500
1758172211007 1.8388276536357435 2000
1758172211357 1.608548179244294 2500
1758172211730 1.6226551575935968 3000
1758172212087 1.42465510885427 3500
1758172212571 1.4642443408264978 4000
1758172213053 0.9036138367225793 4500
1758172213569 1.5575832814193333 5000
1758172214036 1.5128423300753508 5500
1758172214737 1.809761318894726 6000
1758172215597 1.5907606703011774 6500
1758172216166 1.7716802170057455 7000
1758172216824 0.8146625923592513 7500
1758172217357 1.587252739297958 8000
1758172217952 0.6647505362178521 8500
1758172218401 1.1998014058787838 9000
1758172218846 1.137558650254413 9500
