1757821187562 1.3571823620048993 0
1757821188558 5.405597288400934 500
1757821189599 5.3849138464498765 1000
1757821190519 5.372070199491716 1500
1757821191411 5.3659858651294545 2000
1757821192496 5.370310683962518 2500
1757821193711 5.368725256363436 3000
1757821194804 5.366371899521365 3500
1757821195835 5.364852722608558 4000
1757821196858 5.3637191858313615 4500
1757821197803 5.3629060232614325 5000
1757821198766 5.3615616864978115 5500
1757821200230 5.3594119737912775 6000
1757821201262 5.357497495839235 6500
1757821202237 5.356612641255405 7000
1757821203165 5.356177149301641 7500
1757821204109 5.355923991057733 8000
1757821205095 5.355757826706806 8500
1757821206006 5.355640010526401 9000
1757821206918 5.355552169556222 9500
