1758124901647 1.6175963131720852 0
1758124901763 0.7021750617209876 500
1758124901831 1.207549701051334 1000
1758124901923 1.272663960298464 1500
1758124901986 1.521674612809653 2000
1758124902048 0.4171720134949339 2500
1758124902113 0.008855561242177288 3000
1758124902194 0.34795452123621984 3500
1758124902277 1.2056428327406423 4000
1758124902356 1.102400871988975 4500
1758124902476 0.8265891210867019 5000
1758124902586 0.018793551893098323 5500
1758124902679 1.1725436933388236 6000
1758124902798 1.3551133458232774 6500
1758124902859 0.06662485070521397 7000
1758124902920 0.03829357047819712 7500
1758124902979 0.14885241761321752 8000
1758124903070 0.6422081124374627 8500
1758124903144 0.17021598463053728 9000
1758124903214 1.2207633826467192 9500
