1758172063274 1.4743987746457028 0
1758172063675 0.6407680932468662 500
1758172064042 0.6041227289055897 1000
1758172064407 0.6082797363583099 1500
1758172064759 0.6048279730439987 2000
1758172065159 0.6181088366699493 2500
1758172065507 0.6080970499689169 3000
1758172065842 0.6001793153708117 3500
1758172066175 0.6007308975803797 4000
1758172068130 0.5937011816765654 4500
1758172069794 0.7631737856781364 5000
1758172070634 0.5918746517540981 5500
1758172071435 0.6202911872068818 6000
1758172072146 0.6067973436983763 6500
1758172072789 0.6175369701865433 7000
1758172073464 0.6706279335124851 7500
1758172074012 0.6049953613269508 8000
1758172074436 0.5898347684974754 8500
1758172074917 0.5942376395117107 9000
1758172075357 0.5802402006039256 9500
