1758205890973 1.6652603722489216 0
1758205891054 1.277384954560891 500
1758205891143 1.333288272976948 1000
1758205891231 1.278330015401963 1500
1758205891329 0.7117038026728564 2000
1758205891406 1.3503336406613544 2500
1758205891458 1.445483195634676 3000
1758205891511 0.9843739579634093 3500
1758205891566 1.0995690734441486 4000
1758205891633 1.1462260766581291 4500
1758205891694 1.1680438404094156 5000
1758205891862 1.0892983123199251 5500
1758205891929 1.3287452645851097 6000
1758205891995 1.3590938245121076 6500
1758205892033 1.4370306569928244 7000
1758205892125 0.7511800233636474 7500
1758205892171 1.5444566540738935 8000
1758205892262 0.6824386603641538 8500
1758205892314 1.126382501819904 9000
1758205892368 1.1281976521751473 9500
