1758211903827 0.9898003613200937 0
1758211903952 0.9109832401596105 500
1758211904037 0.7895088320274499 1000
1758211904101 1.342487642512522 1500
1758211904171 0.9088946686480802 2000
1758211904236 1.3052797126651576 2500
1758211904308 1.747559283014477 3000
1758211904378 0.4788506300289883 3500
1758211904462 0.6571129542282377 4000
1758211904573 0.5906390653426037 4500
1758211904663 0.283149153519624 5000
1758211904750 0.5408429403346184 5500
1758211904846 0.45157643642829487 6000
1758211904935 1.772664239475388 6500
1758211904988 0.36480103444943257 7000
1758211905061 1.2445525091749274 7500
1758211905146 1.076604075975491 8000
1758211905211 1.340805307406878 8500
1758211905277 1.2353171813629973 9000
1758211905361 1.3728753990032656 9500
