1757822743914 1.693646149601235 0
1757822744798 5.406913826846794 500
1757822745774 5.385367579703503 1000
1757822746571 5.373090859393882 1500
1757822747375 5.366870909851839 2000
1757822748182 5.3713368469591245 2500
1757822748985 5.3693943892586535 3000
1757822749763 5.366659212296105 3500
1757822750597 5.364991618366542 4000
1757822751605 5.363796625053621 4500
1757822752548 5.362954051709413 5000
1757822753477 5.361591413573141 5500
1757822754406 5.359427470091527 6000
1757822755327 5.357514818218849 6500
1757822756242 5.356629540732535 7000
1757822757122 5.356192161005733 7500
1757822758003 5.355937124312526 8000
1757822758932 5.3557693841851455 8500
1757822759804 5.35565028610415 9000
1757822760908 5.355561399292044 9500
