1757821409204 1.4688940720589863 0
1757821409626 1.5291023310765464 500
1757821410029 1.7210896188985905 1000
1757821410460 1.8091921202407477 1500
1757821410815 0.6726377808557982 2000
1757821411172 1.0521061778433465 2500
1757821411514 1.4422016446108155 3000
1757821411869 1.3738234561232685 3500
1757821412310 2.099439615325204 4000
1757821412667 1.384459947259436 4500
1757821413021 1.6537676975803461 5000
1757821413397 1.6856332488487542 5500
1757821413767 1.492586090543089 6000
1757821414164 1.7468434692417594 6500
1757821414552 1.1840811091563666 7000
1757821414960 1.8064294601132989 7500
1757821415355 1.3240154217433748 8000
1757821415766 1.5505586609505195 8500
1757821416200 0.7596842654168886 9000
1757821416665 0.6838791671478354 9500
