1757823743606 1.2696537033169848 0
1757823743691 0.8449457095246184 500
1757823743789 1.3466212098264694 1000
1757823743856 1.0992010149029374 1500
1757823743911 1.1977151856324415 2000
1757823743965 1.3532859115756237 2500
1757823744020 1.2466797312586062 3000
1757823744101 1.3173594011732925 3500
1757823744165 1.3492935576716178 4000
1757823744236 1.5188395592828292 4500
1757823744305 1.145806147031699 5000
1757823744381 1.2557073997164476 5500
1757823744453 1.1699597931773205 6000
1757823744526 1.4275881838222388 6500
1757823744565 1.540190167778961 7000
1757823744656 1.3749749715798345 7500
1757823744704 1.443247126297145 8000
1757823744804 1.5582606677922004 8500
1757823744858 1.3922432840695047 9000
1757823744919 1.1551479185740894 9500
