1757823531218 1.4659900302580726 0
1757823532583 0.602972018198607 500
1757823533910 0.6013685885516779 1000
1757823535025 0.6006711312406561 1500
1757823536402 0.6002412154849439 2000
1757823537543 0.5999445977710477 2500
1757823538975 0.5997210477845623 3000
1757823540352 0.5995409338313377 3500
1757823542227 0.5993893508713082 4000
1757823544156 0.5992582910966093 4500
1757823545709 0.5991430747596005 5000
1757823547178 0.599040864686585 5500
1757823548565 0.5989500634153854 6000
1757823549977 0.5988699473388206 6500
1757823551316 0.5988002504788796 7000
1757823552281 0.5987406992671811 7500
1757823553376 0.5986906800276398 8000
1757823554566 0.5986491814855882 8500
1757823555645 0.5986149574689444 9000
1757823556750 0.598586739888419 9500
