1758205860775 1.8245447291419858 0
1758205861314 0.7075100597410439 500
1758205861746 0.6303708155177503 1000
1758205862156 0.6231649561690744 1500
1758205862556 0.5924726440532174 2000
1758205862964 0.5947539971812081 2500
1758205863579 0.6040539307952422 3000
1758205863987 0.586542459504546 3500
1758205864425 0.630140074401924 4000
1758205864862 0.6012988197587908 4500
1758205865431 0.5958291146584095 5000
1758205865914 0.5952085721023355 5500
1758205866523 0.5957187142274458 6000
1758205867177 0.606672866674277 6500
1758205867605 0.609425689790009 7000
1758205868196 0.6085442716238644 7500
1758205868575 0.6048456920389759 8000
1758205868925 0.5831278529634298 8500
1758205869773 0.5889230492984651 9000
1758205870141 0.612912206574651 9500
