1758125455873 1.2576080627204578 0
1758125455985 1.375499581148515 500
1758125456044 1.339992237372661 1000
1758125456122 0.3392412025916906 1500
1758125456188 1.0330306039087611 2000
1758125456521 1.0030146966509925 2500
1758125456659 1.8485078414211855 3000
1758125456790 2.1938810431144513 3500
1758125456894 0.693441828025266 4000
1758125457018 0.3090664554343995 4500
1758125457107 0.7090024787670882 5000
1758125457333 0.3255850405367299 5500
1758125457549 1.3484458604523861 6000
1758125457829 1.2202672363164555 6500
1758125457955 0.2791345654410102 7000
1758125458090 0.07270774720385627 7500
1758125458243 0.570741363649096 8000
1758125458416 0.10912420225816823 8500
1758125458611 0.6975262011274337 9000
1758125458744 0.4809032180883563 9500
