1757821971629 1.5930841706135588 0
1757821972827 4.918138302835603 500
1757821974324 4.901067533878217 1000
1757821975465 4.899950542053343 1500
1757821976719 4.899790375963809 2000
1757821978291 4.899749277146492 2500
1757821979709 4.8997363616673 3000
1757821981111 4.899731991404538 3500
1757821982544 4.899730457296953 4000
1757821984083 4.899729907278859 4500
1757821985451 4.89972970758679 5000
1757821986997 4.899729634545384 5500
1757821988544 4.899729607715054 6000
1757821990319 4.899729597836509 6500
1757821991880 4.899729594195115 7000
1757821993322 4.899729592852173 7500
1757821995161 4.899729592356846 8000
1757821997167 4.899729592174171 8500
1757821998637 4.899729592106815 9000
1757821999933 4.899729592081984 9500
