1758163271191 1.1849153704857371 0
1758163271282 1.8896225528186632 500
1758163271377 0.7115203037727911 1000
1758163271438 1.5549356968893482 1500
1758163271494 0.723642342490989 2000
1758163271558 1.2363679652806414 2500
1758163271654 1.4276970830362918 3000
1758163271730 0.8621892227965087 3500
1758163271803 1.0845562126039874 4000
1758163271895 1.2116058391760545 4500
1758163271983 2.114281926661683 5000
1758163272072 0.999566506462764 5500
1758163272176 1.0319045058625984 6000
1758163272262 1.0994491125243027 6500
1758163272311 1.708178202034668 7000
1758163272443 1.4486690585572488 7500
1758163272504 0.7931822671828858 8000
1758163272570 1.6678340065192347 8500
1758163272669 1.943705845941357 9000
1758163272751 1.2808659501556088 9500
