1757819460478 1.5073834209611 0
1757819460920 0.7918278636717194 500
1757819461620 1.109208591600872 1000
1757819462014 1.440158319975224 1500
1757819462407 1.6195004087724245 2000
1757819462795 1.7436755728925046 2500
1757819463165 1.2512605302065214 3000
1757819463537 1.859991772793274 3500
1757819463904 1.3658254007320612 4000
1757819464297 1.562522967269058 4500
1757819464879 1.7164988250192073 5000
1757819465350 1.6289637011304596 5500
1757819465853 2.0611356638574807 6000
1757819466334 0.7476151381152316 6500
1757819466770 1.633096449926742 7000
1757819467358 1.6706778119815267 7500
1757819467765 0.9295793947796717 8000
1757819468221 0.7463734809308626 8500
1757819468623 1.6646518525277016 9000
1757819469056 0.9830930938699245 9500
