1758125811429 1.2894186292691632 0
1758125812999 1.592745187019174 500
1758125815063 0.7079373640382023 1000
1758125815728 1.7214727314094649 1500
1758125816907 0.8715622284707085 2000
1758125817603 1.8648449875025987 2500
1758125818199 1.8017165535487294 3000
1758125818774 1.604798745429293 3500
1758125819483 1.7870519422316087 4000
1758125819942 1.7366853267231857 4500
1758125820897 1.1621344319478897 5000
1758125821682 1.5838286411515923 5500
1758125822382 1.592199190391019 6000
1758125822843 1.6397661519723292 6500
1758125823444 1.623006025606714 7000
1758125824036 1.6510559950164367 7500
1758125824808 1.597599972336738 8000
1758125825587 0.9574123470446154 8500
1758125826620 1.6662658380077315 9000
1758125827592 1.4640044968490837 9500
