1758211859854 1.46250539378273 0
1758211860324 0.6643607865739789 500
1758211860762 1.1211865154939336 1000
1758211861177 1.4102419475280685 1500
1758211861572 1.6871038945211112 2000
1758211861988 1.267278662667053 2500
1758211862399 1.4414355098954947 3000
1758211863032 1.5395121808801402 3500
1758211863514 1.482874677505944 4000
1758211863927 1.6501892795246071 4500
1758211864407 1.928144333208027 5000
1758211864861 1.9510601325362045 5500
1758211865281 1.6920750324779925 6000
1758211865705 1.5279761257633695 6500
1758211866170 0.9107956693211239 7000
1758211866673 1.8660756734199122 7500
1758211867393 0.6734982023050363 8000
1758211868149 1.2876893198943482 8500
1758211868937 1.5283844515901217 9000
1758211869745 1.9302229226035732 9500
