1758210256683 1.547326262203246 0
1758210257462 0.7361609995026259 500
1758210258183 0.6799562254456395 1000
1758210258660 0.660809364390986 1500
1758210259118 0.6549397963897962 2000
1758210259568 0.643729586105063 2500
1758210260020 0.6437784867167481 3000
1758210260464 0.6287529626938545 3500
1758210260864 0.6154645424939865 4000
1758210261258 0.6235060843295044 4500
1758210261670 0.6122916842974264 5000
1758210262094 0.605272728977004 5500
1758210262480 0.6132382891874603 6000
1758210262854 0.6042152723003306 6500
1758210263255 0.5945903565262851 7000
1758210263775 0.6142146150644915 7500
1758210264181 0.6116338929908384 8000
1758210264600 0.6267615500643143 8500
1758210265006 0.5922857135783788 9000
1758210265413 0.6088038987250182 9500
