1757821303439 2.0674909545684073 0
1757821303609 0.8497518112672089 500
1757821303695 0.01705185274341687 1000
1757821303789 1.0394907593804634 1500
1757821303841 1.0008954956718257 2000
1757821303892 0.27985868965648636 2500
1757821303953 1.5565553264901237 3000
1757821304015 0.19521785179274745 3500
1757821304082 0.4521986882054975 4000
1757821304146 0.5792892745147775 4500
1757821304221 1.4642976817076423 5000
1757821304295 1.7356964086631175 5500
1757821304369 0.34204182192035093 6000
1757821304448 1.1823617888819205 6500
1757821304488 0.47215988625102306 7000
1757821304584 1.7292255357746686 7500
1757821304631 0.7731193732045503 8000
1757821304745 0.020748401908263787 8500
1757821304800 1.0991608950848757 9000
1757821304854 0.04934599094819487 9500
