1758209993924 1.491546334144941 0
1758209995469 0.6515745831163345 500
1758209996932 0.6240413960951765 1000
1758209998513 0.6139481418950635 1500
1758210000005 0.6091942065872205 2000
1758210003737 0.6066434527100212 2500
1758210005855 0.6051444125806084 3000
1758210007817 0.604195784426212 3500
1758210009518 0.6035553227828777 4000
1758210011580 0.6030971706857444 4500
1758210013082 0.602752227025026 5000
1758210014514 0.6024807902144744 5500
1758210015813 0.6022591275845929 6000
1758210017578 0.6020725290610158 6500
1758210019796 0.6019115609442374 7000
1758210023836 0.601769973308144 7500
1758210026328 0.6016434946108189 8000
1758210028710 0.601529117681601 8500
1758210031839 0.6014246655299313 9000
1758210034969 0.601328520578294 9500
