1757822948932 1.806636549050541 0
1757822949323 1.7268028154879034 500
1757822949685 1.5047513767886527 1000
1757822950039 0.9940398086730564 1500
1757822950389 1.5928863691361679 2000
1757822950782 0.6505511352607918 2500
1757822951156 1.065322933746873 3000
1757822951467 1.4391984263667206 3500
1757822951820 0.7593918628406793 4000
1757822952157 0.693565826406868 4500
1757822952528 1.692297438678335 5000
1757822952862 1.8864365576044386 5500
1757822953198 1.7928631032258766 6000
1757822953559 1.701152094447429 6500
1757822953992 0.8160530446731351 7000
1757822954330 0.7079345325284022 7500
1757822954731 1.5116415249679829 8000
1757822955107 0.9660532351220464 8500
1757822955494 1.7605424903617417 9000
1757822955876 0.7024039339596218 9500
