1758098647152 1.7441992567495226 0
1758098647656 1.3965686921402944 500
1758098648117 1.5677600622955983 1000
1758098648524 1.439464599531175 1500
1758098648944 1.7875576809664804 2000
1758098649383 0.6427644373189282 2500
1758098649823 1.476979528465271 3000
1758098650205 1.810800578754992 3500
1758098650614 1.0609956320070202 4000
1758098651051 1.9708854930084088 4500
1758098651476 1.8837192350669685 5000
1758098651881 1.6921016582141792 5500
1758098652298 1.7119776685721024 6000
1758098652700 0.9739338577220501 6500
1758098653198 3.333559210756296 7000
1758098653616 1.657593474357342 7500
1758098654050 1.4935981983506548 8000
1758098654474 0.8925890148232387 8500
1758098654855 1.448803401347197 9000
1758098655284 0.676619262965166 9500
