1758098596975 1.7037681386134522 0
1758098598138 0.6034837205591664 500
1758098599209 0.6018604454622484 1000
1758098600295 0.6012476566432375 1500
1758098601389 0.6008989273280053 2000
1758098602431 0.6006744051634443 2500
1758098603540 0.6005189915535558 3000
1758098604691 0.6004057047599305 3500
1758098605827 0.6003199721154288 4000
1758098606958 0.6002533029415342 4500
1758098608100 0.6002004134090092 5000
1758098609242 0.600157824900855 5500
1758098610548 0.60012313698272 6000
1758098611720 0.6000946284055766 6500
1758098612951 0.6000710265270847 7000
1758098614192 0.6000513674531217 7500
1758098615479 0.6000349072469481 8000
1758098616691 0.600021063140547 8500
1758098617861 0.6000093731364866 9000
1758098619021 0.599999467358762 9500
