1758163108209 1.5276085391774097 0
1758163110794 0.6516508480440666 500
1758163113110 0.6244966646679675 1000
1758163115155 0.6145591329823498 1500
1758163116619 0.6098698610669512 2000
1758163118647 0.6073375023579288 2500
1758163120328 0.6058330288524445 3000
1758163121730 0.6048672218691852 3500
1758163123267 0.6042042475651865 4000
1758163126267 0.6037215826589729 4500
1758163130334 0.6033518243907199 5000
1758163136091 0.6030561099789333 5500
1758163143804 0.6028110958575795 6000
1758163147252 0.6026022270742077 6500
1758163149054 0.6024201050120932 7000
1758163150911 0.6022584552836524 7500
1758163155794 0.6021129545355637 8000
1758163158645 0.6019805334855577 8500
1758163161557 0.6018589515946251 9000
1758163164520 0.6017465307049076 9500
