1758163009806 1.5748028818395854 0
1758163013912 0.6029329565688383 500
1758163021192 0.6013518421471292 1000
1758163029701 0.6006822091766081 1500
1758163033480 0.6002680560932115 2000
1758163036998 0.5999753471099906 2500
1758163046715 0.5997500542115578 3000
1758163058472 0.5995663076530734 3500
1758163064344 0.5994107074414051 4000
1758163066759 0.5992758469010501 4500
1758163068797 0.5991573346857479 5000
1758163072504 0.5990524474968478 5500
1758163075036 0.5989595695098007 6000
1758163077489 0.598877882994948 6500
1758163079961 0.5988070082703086 7000
1758163087063 0.5987465711021907 7500
1758163090865 0.5986958795026918 8000
1758163092791 0.5986538640348047 8500
1758163094881 0.5986192359781483 9000
1758163098776 0.5985906965184512 9500
