1757822167384 1.326186463342741 0
1757822167476 2.5852245773443814 500
1757822167564 0.4909134682191999 1000
1757822167652 1.8646253669550907 1500
1757822167752 1.4354383100352999 2000
1757822167800 1.9664569862566041 2500
1757822167918 0.3925520299936072 3000
1757822167972 0.5019331132942236 3500
1757822168026 1.3617902193761204 4000
1757822168084 0.3018522671819917 4500
1757822168156 0.8621428767106935 5000
1757822168224 0.3893352875701544 5500
1757822168293 0.7904191931143446 6000
1757822168356 1.1203995988186493 6500
1757822168393 1.1884441444187948 7000
1757822168470 2.3744760229968462 7500
1757822168566 0.12903418072778694 8000
1757822168612 0.360649785334141 8500
1757822168730 0.34583164927462295 9000
1757822168787 0.3294055597824426 9500
