1758172236396 1.5018774918357516 0
1758172236788 0.7385378749048801 500
1758172237131 0.7282675985890198 1000
1758172237512 0.6706935808063864 1500
1758172237872 0.6650461340576256 2000
1758172238220 0.6866408476144974 2500
1758172238609 0.6221352948001279 3000
1758172238949 0.6215299075234193 3500
1758172239423 0.6180208531131599 4000
1758172239795 0.6474885159427903 4500
1758172240203 0.6144210482819839 5000
1758172240581 0.6157297999781515 5500
1758172240939 0.6080943987200539 6000
1758172241318 0.6066989340048311 6500
1758172241736 0.605179672357322 7000
1758172242125 0.6144694391757304 7500
1758172242533 0.6023474181296786 8000
1758172242899 0.6146403727442816 8500
1758172243255 0.6128821452940085 9000
1758172243639 0.6114852929595236 9500
