1757821955109 1.6548899198930194 0
1757821955214 0.5314987039526488 500
1757821955262 1.270903832172677 1000
1757821955362 1.2988442183790998 1500
1757821955418 0.835603266477676 2000
1757821955481 1.5451563531752048 2500
1757821955547 1.1529320030883372 3000
1757821955648 0.8983025584444034 3500
1757821955718 0.7255119248362663 4000
1757821955956 1.2604225769039472 4500
1757821956044 0.9328017900449194 5000
1757821956155 1.1418958821155076 5500
1757821956280 0.020861389650559555 6000
1757821956546 0.22169953639589857 6500
1757821956597 0.18501605379171046 7000
1757821956688 0.7380596479046796 7500
1757821956801 0.5550548737351682 8000
1757821956863 0.23290669074388565 8500
1757821956930 0.6122493347836719 9000
1757821957000 3.2444376207931227 9500
