1758205697332 1.4105523996418359 0
1758205698372 0.7351294103595741 500
1758205699064 0.6928781116403111 1000
1758205699758 0.6596079708255855 1500
1758205700761 0.645510447934139 2000
1758205702818 0.6284587559615545 2500
1758205704484 0.6313880205271297 3000
1758205705496 0.6300615172255694 3500
1758205706335 0.6159516462258188 4000
1758205707416 0.6292065272382801 4500
1758205710037 0.6187579807679153 5000
1758205714365 0.6362964638216931 5500
1758205715660 0.6024049979226667 6000
1758205716657 0.6106834251619105 6500
1758205717316 0.6187978530223103 7000
1758205718240 0.6203397992631987 7500
1758205718868 0.6949068159444494 8000
1758205719557 0.6119812670770358 8500
1758205720090 0.5965502380574087 9000
1758205720622 0.6035976478092977 9500
