1758171235180 1.619108093383661 0
1758171236197 4.918236112651841 500
1758171237182 4.9010565162166415 1000
1758171238188 4.8999491090505085 1500
1758171239246 4.899790520658622 2000
1758171240635 4.89974952222537 2500
1758171241827 4.899736505410174 3000
1758171244040 4.8997320588761175 3500
1758171246381 4.899730486110545 4000
1758171248728 4.899729918994587 4500
1758171251416 4.899729712217624 5000
1758171254207 4.8997296363440315 5500
1758171256417 4.899729608405689 6000
1758171259507 4.899729598099608 6500
1758171264419 4.899729594294771 7000
1758171266631 4.89972959288976 7500
1758171268826 4.899729592370977 8000
1758171270980 4.89972959217947 8500
1758171274218 4.899729592108795 9000
1758171278785 4.899729592082725 9500
