1758135363284 1.0975377526308696 0
1758135363379 2.640094611520154 500
1758135363470 1.0014123825207055 1000
1758135363566 1.3355251254814213 1500
1758135363618 1.3611458063907222 2000
1758135363680 1.2430008478577894 2500
1758135363745 0.8586017595544115 3000
1758135363807 1.0933317175992328 3500
1758135363873 1.4980463199592033 4000
1758135363944 1.639630215119977 4500
1758135364024 1.3105886328498055 5000
1758135364106 1.578466159830982 5500
1758135364185 1.6462292411968973 6000
1758135364283 1.5417307376208602 6500
1758135364327 0.5920387721048376 7000
1758135364422 1.1748142926050167 7500
1758135364480 1.3778090857465872 8000
1758135364546 1.0814942224980992 8500
1758135364609 1.083258121756199 9000
1758135364671 0.6449068316724498 9500
