1758124800991 1.6402846924693641 0
1758124802008 0.6030762747747769 500
1758124802994 0.60147399981252 1000
1758124804181 0.6007809904570446 1500
1758124805246 0.6003518687384167 2000
1758124807647 0.600050630904244 2500
1758124813274 0.5998195870438404 3000
1758124815886 0.5996307836276777 3500
1758124817558 0.5994700149243354 4000
1758124818673 0.5993297573284605 4500
1758124819768 0.5992058010560698 5000
1758124820933 0.5990956126694126 5500
1758124822137 0.5989976214078423 6000
1758124823436 0.5989109443327609 6500
1758124824652 0.5988351692437334 7000
1758124825770 0.598770019533077 7500
1758124826814 0.5987149951866292 8000
1758124827849 0.5986691985593524 8500
1758124828956 0.5986314145380293 9000
1758124830002 0.5986003205456281 9500
