1757822071387 1.4454105851937897 0
1757822072467 0.6032061782410252 500
1757822073454 0.6015121181209646 1000
1757822074486 0.6007729904923743 1500
1757822075515 0.6003157976693976 2000
1757822076660 0.6000027528684867 2500
1757822077755 0.5997694225926191 3000
1757822078871 0.5995826588461034 3500
1757822080044 0.5994258143037746 4000
1757822081353 0.5992902532479302 4500
1757822082548 0.5991711150524225 5000
1757822083667 0.5990654649890074 5500
1757822084790 0.5989715715872911 6000
1757822085917 0.5988885705858479 6500
1757822087050 0.5988161222198474 7000
1757822088662 0.5987539776446792 7500
1757822089955 0.5987016075327487 8000
1757822091183 0.5986580758691494 8500
1757822092595 0.5986221624961917 9000
1757822093775 0.5985925785443256 9500
