1758098450714 1.4333438129733167 0
1758098452049 0.6030547379295033 500
1758098453271 0.6014198326902773 1000
1758098454380 0.6007163663177086 1500
1758098455783 0.6002832246846276 2000
1758098456993 0.5999819305746297 2500
1758098458202 0.5997533850736767 3000
1758098459374 0.5995688981099628 3500
1758098460481 0.599413742740106 4000
1758098461521 0.5992797929770758 4500
1758098462539 0.5991621990103307 5000
1758098463675 0.5990579599870707 5500
1758098464802 0.5989653344863366 6000
1758098465854 0.5988834948487121 6500
1758098466835 0.5988121331830515 7000
1758098467823 0.5987509970674457 7500
1758098468975 0.5986995267892888 8000
1758098470086 0.5986567574543923 8500
1758098471666 0.5986214599791299 9000
1758098472822 0.5985923562605162 9500
