1757821927765 1.372632831619422 0
1757821928903 0.6397196838424558 500
1757821929365 0.6234417205292154 1000
1757821929805 0.5970222772817319 1500
1757821930358 0.5957273909843275 2000
1757821930832 0.630521659640154 2500
1757821931244 0.5741036983893174 3000
1757821931616 0.6135138972722408 3500
1757821932014 0.6236288498156918 4000
1757821932491 0.6006702507733925 4500
1757821933036 0.5692467435570597 5000
1757821933469 0.6055713581494249 5500
1757821933818 0.6277474137252682 6000
1757821934165 0.6080828537915284 6500
1757821934557 0.6055704654134356 7000
1757821934955 0.596779705402314 7500
1757821935373 0.6286843419731737 8000
1757821935881 0.6026184829172311 8500
1757821936264 0.5948910800192848 9000
1757821936712 0.5787573631328181 9500
