1757823713400 1.6377940713180321 0
1757823713836 1.8406388878160178 500
1757823714214 0.7258889827941614 1000
1757823714581 0.709999405795896 1500
1757823714951 1.7053625087215363 2000
1757823715328 1.6238118689124592 2500
1757823715679 1.6583279751503612 3000
1757823716025 0.7412055736482832 3500
1757823716383 1.9939068595871277 4000
1757823716745 0.8560290058930441 4500
1757823717094 1.3188327543089315 5000
1757823717485 1.8940806490352324 5500
1757823717846 0.9035171405423748 6000
1757823718220 1.6871951951286188 6500
1757823718595 1.4925793251415118 7000
1757823719095 1.1958384817049137 7500
1757823719467 1.5342454510394208 8000
1757823719838 0.7079014807652956 8500
1757823720359 1.679108840730385 9000
1757823720758 1.5198007549400943 9500
