1757819340263 1.3390221418409436 0
1757819340352 1.941297607262991 500
1757819340457 1.2093986358587416 1000
1757819340515 0.21149301154324512 1500
1757819340568 1.4525230799974849 2000
1757819340625 0.3037756642955491 2500
1757819340712 0.4412062089334732 3000
1757819340816 0.6394549108769917 3500
1757819340911 0.8630112173051635 4000
1757819341006 0.21458424377626792 4500
1757819341089 1.437226807554883 5000
1757819341166 0.598498571217688 5500
1757819341259 0.8418839102369912 6000
1757819341335 1.5929730086346021 6500
1757819341379 0.9482552425970286 7000
1757819341484 0.7188378509479356 7500
1757819341532 0.6669571879030327 8000
1757819341633 0.9182851361371028 8500
1757819341697 1.822003201521345 9000
1757819341757 1.2471867379973915 9500
