1758124363880 1.5642768982353294 0
1758124365162 0.6319187243800273 500
1758124366519 0.6044487386319481 1000
1758124367273 0.6085053051602323 1500
1758124368143 0.6171343710666314 2000
1758124368752 0.5967393309937667 2500
1758124369339 0.5998991825764153 3000
1758124369828 0.5906776001459854 3500
1758124370414 0.5755914255190163 4000
1758124370906 0.6014100130386965 4500
1758124371364 0.6014677575718831 5000
1758124371771 0.6103486327462354 5500
1758124372541 0.5942580841047012 6000
1758124373154 0.6079920470260348 6500
1758124373690 0.5296067601086981 7000
1758124374617 0.5954644603530479 7500
1758124375420 0.6059139993628141 8000
1758124376052 0.5980547824473368 8500
1758124376554 0.606444209982534 9000
1758124377078 0.6257007997381372 9500
