1758135183953 1.6347168569924035 0
1758135186077 4.917558415940564 500
1758135187446 4.901044041610422 1000
1758135188776 4.899948357925187 1500
1758135190069 4.8997902878238495 2000
1758135191466 4.899749396146812 2500
1758135192844 4.8997364433192985 3000
1758135194793 4.899732031164573 3500
1758135196592 4.899730474435586 4000
1758135198275 4.899729914237712 4500
1758135199977 4.899729710319038 5000
1758135201858 4.8997296355965965 5500
1758135203233 4.899729608114332 6000
1758135204691 4.8997295979868944 6500
1758135206097 4.899729594251435 7000
1758135207488 4.899729592873185 7500
1758135208850 4.899729592364665 8000
1758135210183 4.899729592177073 8500
1758135211619 4.899729592107889 9000
1758135213339 4.899729592082382 9500
