1758172049015 1.395339986140855 0
1758172049578 1.1993082499005046 500
1758172049958 1.2243808613830107 1000
1758172050320 1.4534937304406685 1500
1758172050725 1.685664431730762 2000
1758172051088 1.706453543134478 2500
1758172051436 0.6431459028651144 3000
1758172051777 1.6935657394029875 3500
1758172052120 1.407312789840203 4000
1758172052499 1.4516748201494685 4500
1758172052873 1.4378067509428847 5000
1758172053394 1.5020163306871264 5500
1758172053778 0.7583959582213216 6000
1758172054176 0.6762097270026874 6500
1758172054718 1.1774089279769842 7000
1758172055296 1.5586857163388554 7500
1758172055944 0.7003554163993433 8000
1758172056614 1.8040508967753388 8500
1758172057800 0.7053772391730537 9000
1758172058260 1.456255947660165 9500
