1758172223919 1.8396960349972875 0
1758172224338 0.6364092057505477 500
1758172224692 0.6631678433709391 1000
1758172225071 0.6121819431070847 1500
1758172225444 0.6119199160732989 2000
1758172225817 0.610645529485484 2500
1758172226269 0.5838494793612937 3000
1758172226726 0.5988335500018468 3500
1758172227094 0.6142366271410683 4000
1758172227422 0.5866320349359866 4500
1758172227797 0.5990848380197066 5000
1758172228153 0.6052827899414667 5500
1758172228599 0.6050202001670975 6000
1758172229013 0.6075285165178301 6500
1758172229559 0.5976430872855617 7000
1758172229943 0.5860314077532242 7500
1758172230335 0.6076820462131541 8000
1758172230728 0.6090897148867515 8500
1758172231196 0.613822922037096 9000
1758172231594 0.6069518198013034 9500
