1757821434205 1.4004398229386497 0
1757821434604 0.7443751728418396 500
1757821435119 0.6913878908877492 1000
1757821435702 0.6630497268936695 1500
1757821436496 0.6534836978539772 2000
1757821437235 0.6354666951483547 2500
1757821437850 0.629892504295995 3000
1757821438362 0.6285834072717501 3500
1757821439073 0.6201535653231638 4000
1757821439522 0.6159242697229322 4500
1757821440000 0.630742298426713 5000
1757821440768 0.616822477699513 5500
1757821441239 0.6052971208093099 6000
1757821441619 0.6167750641539743 6500
1757821442080 0.6161369354645997 7000
1757821442504 0.6116491783035038 7500
1757821442943 0.6110537629194611 8000
1757821443585 0.5990699823419423 8500
1757821444011 0.6140140706712129 9000
1757821444499 0.6020265401250562 9500
