1757823633155 1.2801786394896868 0
1757823633303 1.2524188062254646 500
1757823633366 1.6684271398173331 1000
1757823633433 1.4812898331191424 1500
1757823633488 0.6722033229930671 2000
1757823633540 0.4204222223419801 2500
1757823633593 0.9325225428971535 3000
1757823633674 0.9929275102603461 3500
1757823633743 0.7064852567083293 4000
1757823633807 1.6720436283680247 4500
1757823633871 1.3966494811286836 5000
1757823633943 0.9575861034509752 5500
1757823634017 1.0547820315230048 6000
1757823634087 0.42837046405971624 6500
1757823634124 1.2026517131417216 7000
1757823634209 1.1521956980653665 7500
1757823634301 1.009817393169562 8000
1757823634351 0.9137731823325608 8500
1757823634472 0.12257224731154161 9000
1757823634529 1.4278798272814277 9500
