1757821279733 1.4613508045864512 0
1757821280204 0.6160377107887178 500
1757821280609 0.5981535066315588 1000
1757821280972 0.5913448242330421 1500
1757821281478 0.5921081251913085 2000
1757821281976 0.5902249582611199 2500
1757821282373 0.603315463901129 3000
1757821282936 0.6129000394516257 3500
1757821283291 0.6042650772678927 4000
1757821283658 0.5942102907594139 4500
1757821284030 0.586849688476228 5000
1757821284396 0.604717055667934 5500
1757821284757 0.6151965346549402 6000
1757821285135 0.607289943796231 6500
1757821285499 0.5977242496578847 7000
1757821285898 0.6043393625236526 7500
1757821286281 0.5948471642065355 8000
1757821286667 0.596971217921453 8500
1757821287022 0.5956291677269124 9000
1757821287400 0.6100590629475379 9500
