1758098509211 1.434216200764731 0
1758098509930 0.6711070515275985 500
1758098510487 2.009638322276365 1000
1758098511145 1.0503293715027526 1500
1758098511776 1.5474034476897034 2000
1758098512390 1.4088855485298393 2500
1758098512912 0.8659115031987329 3000
1758098513411 1.071796522125349 3500
1758098513920 1.5433263012710035 4000
1758098514530 1.3217805198564183 4500
1758098515305 2.021707879772412 5000
1758098516148 1.5907111175950992 5500
1758098517010 1.65648392865305 6000
1758098519745 1.3711962587814877 6500
1758098523045 0.9436212610136634 7000
1758098524564 1.1916903153994836 7500
1758098525582 1.5544901815028207 8000
1758098527639 0.671635361395741 8500
1758098528484 1.5355144968673058 9000
1758098529046 2.8809753540197787 9500
