1757822207185 1.5909996699951325 0
1757822208330 0.6034686557122558 500
1757822209406 0.6018615039230877 1000
1757822210414 0.6012518221417806 1500
1757822211484 0.6009049659094152 2000
1757822212528 0.6006806368293158 2500
1757822213620 0.6005245630890901 3000
1757822214658 0.6004103910329707 3500
1757822215736 0.600323816489135 4000
1757822216807 0.6002564297595985 4500
1757822217926 0.6002029545815831 5000
1757822219129 0.6001598961254501 5500
1757822220314 0.6001248328469748 6000
1757822221577 0.6000960239911479 6500
1757822222759 0.6000721807740356 7000
1757822223986 0.6000523265572356 7500
1757822225135 0.6000357075456917 8000
1757822226264 0.6000217333972959 8500
1757822227482 0.6000099362903623 9000
1757822228646 0.5999999418464415 9500
