1757822868774 1.5466154708923947 0
1757822869679 4.91823410219851 500
1757822870517 4.901203319365745 1000
1757822871468 4.899968233378512 1500
1757822872486 4.899793143862778 2000
1757822873556 4.899749764589493 2500
1757822874613 4.899736438581424 3000
1757822875686 4.899731995461612 3500
1757822876770 4.899730452406386 4000
1757822878050 4.899729903703225 4500
1757822879408 4.899729705759974 5000
1757822880646 4.89972963372236 5500
1757822881917 4.899729607366761 6000
1757822883157 4.899729597694407 6500
1757822884373 4.89972959413848 7000
1757822885566 4.8997295928299645 7500
1757822886766 4.899729592348238 8000
1757822888027 4.899729592170862 8500
1757822889314 4.899729592105551 9000
1757822890488 4.8997295920815045 9500
