1758098656999 1.475133659262755 0
1758098657407 0.6045155838819495 500
1758098658040 0.6145245398550679 1000
1758098658635 0.6106507133006241 1500
1758098659081 0.5960442114678113 2000
1758098659426 0.5836628996502746 2500
1758098659778 0.6129848911476025 3000
1758098660115 0.6035910180063914 3500
1758098660461 0.6228266857746682 4000
1758098660883 0.5917749344608559 4500
1758098661256 0.575718074606287 5000
1758098661658 0.6049919478356118 5500
1758098662335 0.582321951413503 6000
1758098662693 0.5947135186576487 6500
1758098663109 0.4984144752223635 7000
1758098663506 0.5969214049194956 7500
1758098663870 0.5983593503095554 8000
1758098664298 0.600994958068068 8500
1758098664691 0.5873496962549289 9000
1758098665067 0.5961661378970726 9500
