1758211875563 1.3550689344578384 0
1758211876412 0.6237987823626984 500
1758211877346 0.623531215086092 1000
1758211877986 0.6028428481199012 1500
1758211878694 0.4858554566945836 2000
1758211879343 0.5822474914057324 2500
1758211879753 0.6069606157814543 3000
1758211880158 0.6014070989152607 3500
1758211880563 0.608191817085215 4000
1758211881020 0.6057667991567003 4500
1758211881428 0.5992944746265231 5000
1758211881867 0.5796506082001699 5500
1758211882267 0.6220854553394284 6000
1758211882693 0.5961052945186841 6500
1758211883191 0.6141506999285604 7000
1758211883676 0.6663665709586142 7500
1758211884235 0.6121214637664413 8000
1758211884639 0.6070598760650749 8500
1758211885084 0.6002136541962525 9000
1758211885485 0.5203257442602047 9500
