1758210126736 2.023550063913272 0
1758210126838 1.684285067811568 500
1758210126927 0.9955365806506551 1000
1758210126995 1.520892946973393 1500
1758210127071 0.15924486496055615 2000
1758210127171 1.1708473865739972 2500
1758210127255 2.202466233792128 3000
1758210127419 0.5815726218229772 3500
1758210127529 1.2302331258631336 4000
1758210127687 0.4809882575027253 4500
1758210127782 0.3891797147936384 5000
1758210127890 0.02690247435636247 5500
1758210128109 0.6281355980759615 6000
1758210128340 1.430474540731552 6500
1758210128420 0.34305534904317486 7000
1758210128490 1.8539280131835763 7500
1758210128573 0.19404576999532624 8000
1758210128647 1.9113872753213117 8500
1758210128725 0.06953182638808159 9000
1758210128833 1.7107001953177623 9500
