1757821848593 1.7518616434219993 0
1757821849954 0.6029590179157377 500
1757821851154 0.6013746926298918 1000
1757821852244 0.6006982742417749 1500
1757821853151 0.6002773660630447 2000
1757821854053 0.599980677254455 2500
1757821855270 0.5997529052739895 3000
1757821856243 0.5995671707821366 3500
1757821857262 0.5994097061849961 4000
1757821858424 0.5992730922850329 4500
1757821859510 0.5991530629068795 5000
1757821860759 0.5990470178418618 5500
1757821861796 0.5989533944678179 6000
1757821863110 0.5988713530744444 6500
1757821864245 0.598800439988241 7000
1757821865563 0.5987401821774807 7500
1757821866561 0.5986897900643636 8000
1757821867668 0.5986481180270894 8500
1757821868616 0.598613829969112 9000
1757821869650 0.598585604037989 9500
