1757823722570 1.5749399025357413 0
1757823723001 0.6228988947839338 500
1757823723389 0.6086652652258002 1000
1757823723773 0.6292646846399762 1500
1757823724163 0.610967224467093 2000
1757823724533 0.5978911080687699 2500
1757823724900 0.6199622966884651 3000
1757823725300 0.6071309112625728 3500
1757823725719 0.592874848419263 4000
1757823726187 0.5972186842833332 4500
1757823726573 0.6079307971300861 5000
1757823726938 0.6074706532350175 5500
1757823727440 0.5618114964410964 6000
1757823727821 0.6037488984835359 6500
1757823728198 0.5936492546558615 7000
1757823728590 0.5987239087292278 7500
1757823728950 0.6171988774937559 8000
1757823729340 0.6007213027673501 8500
1757823729713 0.6082091493059768 9000
1757823730117 0.6153549953333215 9500
