1758125894258 1.4496368193592422 0
1758125895595 4.9180630811171815 500
1758125896945 4.9010704694735665 1000
1758125898404 4.89995909429207 1500
1758125899856 4.899794424423059 2000
1758125901422 4.899750884628991 2500
1758125902850 4.89973697022205 3000
1758125904452 4.899732217757886 3500
1758125905947 4.899730540844267 4000
1758125907375 4.8997299380025146 4500
1758125908825 4.899729718864142 5000
1758125910505 4.899729638681028 5500
1758125912244 4.899729609231066 6000
1758125914075 4.899729598392172 6500
1758125915839 4.8997295943987895 7000
1758125917325 4.899729592926842 7500
1758125919016 4.899729592384225 8000
1758125920988 4.899729592184212 8500
1758125922583 4.899729592110496 9000
1758125924480 4.899729592083334 9500
