1757823610274 1.6000906492273779 0
1757823610791 0.6062824669244552 500
1757823611489 0.5913891387722295 1000
1757823612044 0.6203592632607606 1500
1757823612448 0.6042025284057861 2000
1757823612873 0.6031545619622717 2500
1757823613309 0.633371773874691 3000
1757823613719 0.5972539524108829 3500
1757823614170 0.5854474785608569 4000
1757823614590 0.6106648190935179 4500
1757823615004 0.6083044507637315 5000
1757823615413 0.6017461505442487 5500
1757823615810 0.5942806715676611 6000
1757823616238 0.5870502874929318 6500
1757823616641 0.6033497489600677 7000
1757823617044 0.6065125159385756 7500
1757823617461 0.5919950886787688 8000
1757823617863 0.6171571047494141 8500
1757823618290 0.5849542997000637 9000
1757823618727 0.6015306629623951 9500
