1758125833926 1.5183923790813059 0
1758125834606 0.6140678743385467 500
1758125835075 0.6123009364449229 1000
1758125835630 0.606373722333726 1500
1758125836148 0.6158651192902366 2000
1758125836627 0.6102711878120911 2500
1758125837212 0.6192447978342298 3000
1758125837856 0.623711409013441 3500
1758125838430 0.5829623670546693 4000
1758125838983 0.6268411954042504 4500
1758125839826 0.612795795251486 5000
1758125840440 0.5977208011570784 5500
1758125841049 0.5862867241218278 6000
1758125841609 0.5907323055230548 6500
1758125842177 0.5824897133863546 7000
1758125842710 0.5831413900647543 7500
1758125843187 0.6005072646706916 8000
1758125843818 0.595039720184603 8500
1758125845297 0.6134488852119712 9000
1758125846207 0.5926168714009591 9500
