1758135307627 1.6032467530798036 0
1758135308055 1.7249049161052157 500
1758135308411 1.3069827968670462 1000
1758135308747 1.7595711547919877 1500
1758135309107 1.5479619841359045 2000
1758135309481 1.9343397583131343 2500
1758135309831 1.8489290238279377 3000
1758135310200 1.976417974622891 3500
1758135310583 1.2712025560055755 4000
1758135311169 1.658061946505907 4500
1758135311725 1.6303741559055083 5000
1758135312302 1.2321118831781372 5500
1758135312801 1.331236545357772 6000
1758135313365 1.5108516246236812 6500
1758135313901 0.8505397539699521 7000
1758135314475 0.9401434040660783 7500
1758135315048 0.6729739506548224 8000
1758135315705 0.9944056979355432 8500
1758135316324 1.757686842541049 9000
1758135316787 1.6995018384659462 9500
