1758124319032 1.4060768552612009 0
1758124320490 0.6539464366112478 500
1758124322722 0.6256310413645744 1000
1758124324172 0.6150435544068552 1500
1758124325259 0.6100358006850033 2000
1758124326375 0.6073439686881162 2500
1758124327959 0.6057586693855931 3000
1758124329374 0.6047521804044806 3500
1758124330526 0.6040695346446582 4000
1758124331509 0.6035784172224335 4500
1758124332463 0.6032062835071788 5000
1758124333551 0.602911507762121 5500
1758124334761 0.6026692318243044 6000
1758124336049 0.6024640564507662 6500
1758124337473 0.6022861059912191 7000
1758124338638 0.6021288337592604 7500
1758124340045 0.6019877599289284 8000
1758124341722 0.6018597250972864 8500
1758124342980 0.6017424370230712 9000
1758124344351 0.6016341882948673 9500
