1757822033654 1.7605855143817546 0
1757822034961 5.405121528858168 500
1757822036091 5.3849044399369745 1000
1757822037607 5.372045831606182 1500
1757822042653 5.366299625456255 2000
1757822045258 5.370667524719346 2500
1757822046807 5.368716446347506 3000
1757822048777 5.3663195516016176 3500
1757822050130 5.364836867754659 4000
1757822051846 5.363711413499572 4500
1757822053139 5.362895198409568 5000
1757822054466 5.361542149509584 5500
1757822055758 5.359378924103821 6000
1757822057007 5.35748144778538 6500
1757822058276 5.356605912932443 7000
1757822059849 5.356173762478551 7500
1757822061079 5.3559219348226605 8000
1757822062285 5.355756390772544 8500
1757822063477 5.355638904736563 9000
1757822064664 5.355551257953503 9500
