1757822172261 1.132398351595855 0
1757822172430 1.1170575546712491 500
1757822172512 1.165445013780563 1000
1757822172607 1.421413696824893 1500
1757822172651 1.8791104334308901 2000
1757822172765 1.3270330585764352 2500
1757822172815 1.4629610550236407 3000
1757822172864 1.431905005780693 3500
1757822172915 1.2807186839404425 4000
1757822172969 1.1507837960563712 4500
1757822173027 1.082682227069282 5000
1757822173090 1.067537196220635 5500
1757822173154 1.7407063152059303 6000
1757822173214 1.839484721728783 6500
1757822173261 1.583006631484476 7000
1757822173298 1.373215486594032 7500
1757822173390 1.6532348268489299 8000
1757822173434 1.7815034343954468 8500
1757822173521 1.1075518121486363 9000
1757822173619 0.33191860730550143 9500
