1758210281310 2.472025074890081 0
1758210281407 2.052398261620473 500
1758210281493 1.734281849052326 1000
1758210281589 1.611585103747332 1500
1758210281637 1.184066437569393 2000
1758210281772 1.244841401010656 2500
1758210281824 1.2699489361864365 3000
1758210281880 2.0381444798850583 3500
1758210281940 1.0790265444933838 4000
1758210282021 0.7384652888469867 4500
1758210282091 1.4158706539627928 5000
1758210282160 0.7680435667891989 5500
1758210282240 1.0198495205035225 6000
1758210282317 0.8354501119874426 6500
1758210282355 1.4116223533906485 7000
1758210282455 1.137786006377237 7500
1758210282513 1.387718687814203 8000
1758210282574 1.1377706275229327 8500
1758210282625 1.1428809635012245 9000
1758210282696 1.7228614400621953 9500
