1757822863929 0.8470356102417415 0
1757822864023 1.5856754155172414 500
1757822864111 1.4701931365478094 1000
1757822864164 1.7026738739035276 1500
1757822864208 0.959596155762463 2000
1757822864304 1.0500284320353783 2500
1757822864348 1.4258115130530995 3000
1757822864445 1.2300724219738486 3500
1757822864498 1.5057494974685632 4000
1757822864552 0.7052562617500502 4500
1757822864608 0.7001910671693573 5000
1757822864673 1.5281463484649713 5500
1757822864736 1.6375870808422304 6000
1757822864793 1.540087864584471 6500
1757822864824 1.1981734640607944 7000
1757822864910 1.3982616414006024 7500
1757822865157 1.2885154763301465 8000
1757822865199 1.2410986952899383 8500
1757822865292 0.9883714150865386 9000
1757822865338 1.075690160865089 9500
