1757823620581 1.3851339289137783 0
1757823621036 0.762930010981184 500
1757823621575 0.6905048526252173 1000
1757823622056 0.6603075859705442 1500
1757823622443 0.6494947290323057 2000
1757823622836 0.6599710897942206 2500
1757823623202 0.6806194509539281 3000
1757823623641 0.6535574708740284 3500
1757823624131 0.613544764606577 4000
1757823624619 0.583603038258944 4500
1757823625071 0.6173075188046283 5000
1757823625450 0.623429307823261 5500
1757823625820 0.6143581780377655 6000
1757823626232 0.610739429101002 6500
1757823626618 0.5941498647665254 7000
1757823627095 0.5996525628539369 7500
1757823627472 0.6269098860963886 8000
1757823627970 0.6122104807969833 8500
1757823628345 0.6103402824260913 9000
1757823628713 0.5931479255870684 9500
