1758125930917 1.4824837674911946 0
1758125932395 0.603525736167054 500
1758125934466 0.6018615836688925 1000
1758125935976 0.6012460857880453 1500
1758125937181 0.6008977361857052 2000
1758125938392 0.6006734642291647 2500
1758125939718 0.600518071990006 3000
1758125941392 0.600404720435154 3500
1758125943341 0.6003189232922276 4000
1758125945675 0.6002522214704241 4500
1758125947255 0.600199334908531 5000
1758125948986 0.6001567783296199 5500
1758125950807 0.6001221424504749 6000
1758125952735 0.600093698148567 6500
1758125954729 0.6000701667279709 7000
1758125957624 0.6000505799963608 7500
1758125961292 0.6000341911330506 8000
1758125963285 0.6000204155349329 8500
1758125964845 0.6000087901120661 9000
1758125966339 0.5999989444062392 9500
