1758124378831 1.6368175706600132 0
1758124379467 0.7226405032819875 500
1758124380134 0.6813615184556645 1000
1758124380607 0.6695589190478307 1500
1758124381149 0.6459709195944393 2000
1758124381768 0.64975946562375 2500
1758124382329 0.6212010218498947 3000
1758124382895 0.619481733818059 3500
1758124383376 0.612413975372087 4000
1758124383857 0.6225947197277668 4500
1758124384361 0.6173612172171467 5000
1758124384985 0.6234420525943024 5500
1758124385365 0.6255416280503645 6000
1758124385825 0.6126877800409476 6500
1758124386511 0.6132623421628343 7000
1758124386953 0.6160245881506172 7500
1758124387477 0.6097126135714589 8000
1758124387990 0.6105146065913287 8500
1758124388513 0.5910236988616907 9000
1758124389043 0.6212164867358194 9500
