1757821449594 1.2734864318959953 0
1757821449700 0.5910064250961683 500
1757821449762 1.2247061921966935 1000
1757821449843 1.1745031753652337 1500
1757821449931 1.2730816211470413 2000
1757821450142 0.4473377017424259 2500
1757821450241 1.5770387163377833 3000
1757821450328 1.3394671585136844 3500
1757821450457 1.163264414831585 4000
1757821450566 1.158458689915009 4500
1757821450694 0.44689299753069184 5000
1757821450816 1.2842886661460373 5500
1757821450984 0.761592013938066 6000
1757821451102 1.397078569196494 6500
1757821451171 0.7225574877504609 7000
1757821451277 1.3377751555459951 7500
1757821451356 0.9821090766407005 8000
1757821451435 1.4659397385815756 8500
1757821451535 1.1984227788050514 9000
1757821451638 1.5906666046214988 9500
