1758172010056 1.4620421051954722 0
1758172011015 0.6508971393830577 500
1758172011930 0.6241613995658928 1000
1758172012914 0.6142995060982293 1500
1758172013926 0.6096233729447981 2000
1758172014929 0.607086131749979 2500
1758172017539 0.6055739591508992 3000
1758172019000 0.6046023175317418 3500
1758172021058 0.6039363863468649 4000
1758172022334 0.6034534997819769 4500
1758172023610 0.6030858130045507 5000
1758172024918 0.6027939953682803 5500
1758172026604 0.6025542878946015 6000
1758172027922 0.6023517878373499 6500
1758172029112 0.602176812487364 7000
1758172033869 0.602022858305026 7500
1758172037065 0.6018854185584831 8000
1758172038778 0.6017612780656144 8500
1758172040053 0.6016480807325061 9000
1758172041487 0.601544057208487 9500
