1757821875417 1.3724374454810833 0
1757821877060 0.651624961486717 500
1757821878483 0.6242966901582427 1000
1757821880070 0.6142437422020429 1500
1757821882099 0.6094958397263619 2000
1757821883756 0.6069363101031212 2500
1757821885196 0.6054233707837422 3000
1757821886522 0.6044598139302102 3500
1757821887851 0.6038049972352163 4000
1757821889485 0.6033336285687442 4500
1757821890955 0.6029767379920143 5000
1757821892468 0.6026945750521298 5500
1757821893853 0.60246328863993 6000
1757821895390 0.6022680302468119 6500
1757821896634 0.6020992300646378 7000
1757821897852 0.6019505139703059 7500
1757821899250 0.6018175016090269 8000
1757821900789 0.601697092897035 8500
1757821902077 0.6015870329477896 9000
1757821903310 0.6014856398124663 9500
