1758171193864 1.56045803129432 0
1758171195170 0.7438820408130198 500
1758171195973 0.6896405290856238 1000
1758171196541 0.6565289142967918 1500
1758171197062 0.6685984663970593 2000
1758171197577 0.6270027349327217 2500
1758171198140 0.6229500638595684 3000
1758171198601 0.6354145227630299 3500
1758171199051 0.6683080866967233 4000
1758171199763 0.6125631318863846 4500
1758171200825 0.6089343509837865 5000
1758171201541 0.608780084422954 5500
1758171202363 0.6219304401148322 6000
1758171203158 0.6087888186959551 6500
1758171203831 0.6029063814151768 7000
1758171205273 0.6129480031561828 7500
1758171206470 0.5981118245259665 8000
1758171207537 0.6082142030452877 8500
1758171208839 0.599530972457077 9000
1758171209701 0.5765713822513673 9500
