1758210045952 1.380326898206062 0
1758210048275 1.3746533380600319 500
1758210050882 1.3508058801076572 1000
1758210051533 0.8721873306882495 1500
1758210052040 1.4458761716438508 2000
1758210052622 1.6550228720341258 2500
1758210053306 1.5847332679991724 3000
1758210053979 0.7146750148567255 3500
1758210054759 0.69220233538029 4000
1758210056565 0.755461803718894 4500
1758210057142 1.5540620095716464 5000
1758210060407 1.7554126310148253 5500
1758210061144 1.4076746198800485 6000
1758210062189 1.8324005091570479 6500
1758210062914 0.8480010992686021 7000
1758210063568 0.7490205487626411 7500
1758210064078 0.7006042129582888 8000
1758210064632 1.7290480191601647 8500
1758210065134 1.5225426964678521 9000
1758210065633 0.8918030515916844 9500
