1758172254219 0.899308986602995 0
1758172254301 2.6854425315366552 500
1758172254391 1.4306197001611032 1000
1758172254436 1.2177011012978607 1500
1758172254533 1.2194863587711409 2000
1758172254587 1.125656129744777 2500
1758172254688 0.23571730232793184 3000
1758172254762 0.8264150102348357 3500
1758172254837 1.123448086936035 4000
1758172254925 1.3262501984797217 4500
1758172255004 0.6993397761422426 5000
1758172255091 0.8756091643493414 5500
1758172255198 0.9096013659915392 6000
1758172255281 1.668251350475696 6500
1758172255328 1.0624376936087907 7000
1758172255444 1.3487571695511853 7500
1758172255496 0.08825202417772199 8000
1758172255578 0.5652846692629669 8500
1758172255638 1.3653151212310992 9000
1758172255722 1.2088939852509673 9500
