1758210231992 1.6373807477655358 0
1758210232378 1.7287981123917646 500
1758210232683 0.669325371734724 1000
1758210232987 1.5321625434166954 1500
1758210233294 0.7998773368798955 2000
1758210233626 0.8401073465896983 2500
1758210233933 1.811366684827475 3000
1758210234280 1.7322960444601112 3500
1758210234626 1.0400821554616095 4000
1758210234951 1.3890711907868054 4500
1758210235291 1.6542537174508987 5000
1758210235660 0.6875265691839403 5500
1758210236031 1.0504460586327675 6000
1758210236389 1.4383459364533262 6500
1758210236801 1.497094822051584 7000
1758210237180 1.631040680682545 7500
1758210237660 1.6351031936017206 8000
1758210238005 1.9943200666755891 8500
1758210238441 1.4315413498326999 9000
1758210238825 1.7112133547595951 9500
