1758124396190 2.4666750780545788 0
1758124396317 1.5665607260978882 500
1758124396365 1.2553341454132914 1000
1758124396454 1.3968137716926579 1500
1758124396504 0.6840434957225279 2000
1758124396612 1.3914926381180204 2500
1758124396674 1.103788074371577 3000
1758124396730 1.8908019282116948 3500
1758124396786 1.304144621241027 4000
1758124396847 1.581547076349511 4500
1758124396931 1.2099005541208177 5000
1758124397008 1.4445107906036885 5500
1758124397075 0.9815766957901136 6000
1758124397146 1.5030055307586656 6500
1758124397181 0.5661324394845862 7000
1758124397280 1.541734082571234 7500
1758124397342 0.9953100659590759 8000
1758124397403 1.0682780495743505 8500
1758124397464 1.0444631187253166 9000
1758124397527 1.3302578551668425 9500
