1758172145322 1.7753027017056024 0
1758172146347 0.6036374696027755 500
1758172147476 0.6019505448163697 1000
1758172148557 0.6013110826655734 1500
1758172149920 0.600946870293619 2000
1758172151099 0.6007112431930114 2500
1758172152238 0.6005474717734072 3000
1758172153674 0.6004278846173056 3500
1758172155085 0.6003373888768362 4000
1758172156510 0.6002670899410633 4500
1758172158370 0.6002114073224317 5000
1758172159773 0.6001666493521073 5500
1758172161197 0.6001302622333324 6000
1758172162420 0.6001004129605345 6500
1758172163766 0.6000757462932848 7000
1758172164970 0.6000552364999066 7500
1758172166121 0.6000380928446987 8000
1758172167419 0.6000236968219747 8500
1758172169139 0.6000115589349774 9000
1758172170410 0.6000012880064475 9500
