1757822284870 1.8394020691389266 0
1757822285255 0.7549849156016308 500
1757822285622 0.6900265187843841 1000
1757822285971 0.6816563062248158 1500
1757822286338 0.6461327981815678 2000
1757822286672 0.6388671160385638 2500
1757822287040 0.6215360129915973 3000
1757822287649 0.6244347076705947 3500
1757822287973 0.649161289355964 4000
1757822288293 0.6211166097643838 4500
1757822288631 0.6284938044512552 5000
1757822288982 0.6016623300931869 5500
1757822289312 0.6019714467050775 6000
1757822289699 0.6112782848943672 6500
1757822290076 0.5928181369708834 7000
1757822290447 0.6372953520603621 7500
1757822290918 0.5949891843986839 8000
1757822291308 0.6043781507933432 8500
1757822291714 0.6083097485391087 9000
1757822292122 0.6141905523204537 9500
