1758125460451 1.6029228188628524 0
1758125460567 1.0402632765665767 500
1758125460618 1.5847669613035185 1000
1758125460679 0.7361879080748465 1500
1758125460752 1.055017640452844 2000
1758125460839 1.6440517091594498 2500
1758125460909 1.1082846727547377 3000
1758125460974 1.0086694907594853 3500
1758125461043 0.8191103880470649 4000
1758125461136 1.0372411961459356 4500
1758125461233 0.90137785632181 5000
1758125461356 1.033018866271823 5500
1758125461489 1.1248253716166021 6000
1758125461588 0.841889331224522 6500
1758125461649 0.02150705817122618 7000
1758125461731 1.209690588597528 7500
1758125461818 0.9671037222910064 8000
1758125461896 1.6493273196799423 8500
1758125461986 1.4415343491098882 9000
1758125462067 1.3202332947471964 9500
