1757823638391 1.4006047111064228 0
1757823639431 4.917944448065389 500
1757823640388 4.9010485469148755 1000
1757823641531 4.8999489463388635 1500
1757823642724 4.899790850105619 2000
1757823643889 4.8997497056345205 2500
1757823645206 4.899736584218358 3000
1757823646611 4.899732090162456 3500
1757823647823 4.899730498093898 4000
1757823649042 4.899729923492985 4500
1757823650252 4.899729713885126 5000
1757823651492 4.899729636957087 5500
1757823652683 4.899729608629866 6000
1757823653903 4.899729598181298 6500
1757823655076 4.899729594324477 7000
1757823656293 4.899729592900551 7500
1757823657489 4.899729592374891 8000
1757823658673 4.899729592180888 8500
1757823659882 4.899729592109311 9000
1757823661252 4.899729592082912 9500
