1758171051836 1.6630041750950122 0
1758171054229 0.6027572406971445 500
1758171055970 0.6012468606957547 1000
1758171057891 0.6006047545912153 1500
1758171059426 0.6002039667474488 2000
1758171061219 0.5999196300271243 2500
1758171062811 0.5997003621509763 3000
1758171064292 0.599521448573399 3500
1758171065789 0.5993700805400363 4000
1758171068450 0.5992390826412136 4500
1758171070836 0.5991241305845796 5000
1758171072609 0.5990225648517276 5500
1758171074842 0.5989328766752362 6000
1758171076563 0.5988543419600948 6500
1758171079034 0.598786584702683 7000
1758171081821 0.5987291311838412 7500
1758171084010 0.5986811509318452 8000
1758171085939 0.5986414756012747 8500
1758171088558 0.5986087889166294 9000
1758171090503 0.5985818207148738 9500
