1758172105841 1.4848977052891543 0
1758172105930 1.1403504416953527 500
1758172106012 1.5098289635066307 1000
1758172106103 1.1617816100431253 1500
1758172106147 0.671362926927085 2000
1758172106256 2.0308451599515345 2500
1758172106305 0.9576241677421796 3000
1758172106368 1.3252861902243618 3500
1758172106422 1.0749206026216651 4000
1758172106490 1.8848903611529255 4500
1758172106550 1.02153438552082 5000
1758172106612 1.1804533804502941 5500
1758172106676 1.6897801807772777 6000
1758172106737 0.7817016072809696 6500
1758172106791 1.3929013998353583 7000
1758172106828 0.7515459277520886 7500
1758172106925 1.6312931932322547 8000
1758172106968 1.7784144169303244 8500
1758172107063 1.0223849283616928 9000
1758172107113 1.6097725154429077 9500
