1758163434113 1.3490370807390943 0
1758163434814 0.6002313638658974 500
1758163435541 0.6037403571204991 1000
1758163437076 0.5795747408665107 1500
1758163438231 0.62033172534518 2000
1758163439069 0.5926169612204695 2500
1758163439929 0.6145846632070013 3000
1758163440643 0.5994532280732562 3500
1758163441087 0.5831200097914937 4000
1758163441518 0.604346872768202 4500
1758163442042 0.612308350660513 5000
1758163442530 0.6035550652803892 5500
1758163443052 0.6053326196453057 6000
1758163443627 0.5982654970280047 6500
1758163444190 0.6393985374114665 7000
1758163444657 0.6033950135489086 7500
1758163445213 0.59944700778017 8000
1758163445801 0.5844104106923856 8500
1758163446372 0.6003467130338389 9000
1758163446939 0.5780336760689377 9500
