1757822261206 1.4304491051797692 0
1757822261609 1.6290499960877465 500
1757822262012 1.703797826707883 1000
1757822262395 0.6828318256438536 1500
1757822262753 1.4161191888186226 2000
1757822263124 1.4441537424155702 2500
1757822263471 1.7934140043421243 3000
1757822263800 2.0251836569450945 3500
1757822264136 1.5927841940057013 4000
1757822264493 0.6921867709994352 4500
1757822264845 1.5797692179890999 5000
1757822265198 1.2662875922969021 5500
1757822265585 1.6448339281023552 6000
1757822265971 0.6392021335540946 6500
1757822266465 0.6843297368171972 7000
1757822266847 1.4975329224352933 7500
1757822267245 1.4531944275964646 8000
1757822267600 1.4583914336566097 8500
1757822267978 1.0989056478159678 9000
1757822268367 1.450096435348145 9500
