1758211707006 2.432196242501034 0
1758211707105 0.9022343456737411 500
1758211707161 0.9949066299473652 1000
1758211707210 1.7634772656395143 1500
1758211707326 1.4151447040006204 2000
1758211707394 1.2736624375325902 2500
1758211707455 1.2652150481186475 3000
1758211707519 2.4727219929350124 3500
1758211707584 1.636993832906732 4000
1758211707670 1.0001259835737577 4500
1758211707817 1.0471423588018656 5000
1758211707911 1.4443326523318016 5500
1758211707991 1.4487842180370296 6000
1758211708070 2.7150018095849124 6500
1758211708118 1.0998437033331427 7000
1758211708264 0.955876988828592 7500
1758211708332 1.003259619762872 8000
1758211708443 1.4939604665698858 8500
1758211708533 0.5301985279429058 9000
1758211708596 0.984303506841602 9500
