1758098680996 2.316445510902781 0
1758098681095 1.411804988076717 500
1758098681149 1.871021247586482 1000
1758098681205 1.8892804229506661 1500
1758098681260 1.3144537614746543 2000
1758098681319 1.1703483088775024 2500
1758098681382 0.13652481050764176 3000
1758098681464 1.172820072642661 3500
1758098681537 0.5122391017522756 4000
1758098681610 0.7187232200226507 4500
1758098681736 1.303209998519985 5000
1758098681825 1.1778670475567758 5500
1758098681911 1.10039701553108 6000
1758098682011 1.0398599007272562 6500
1758098682054 1.1882571874813062 7000
1758098682151 1.4273561594604152 7500
1758098682206 0.4785904136417489 8000
1758098682265 1.2825427255470987 8500
1758098682342 0.6503525131478368 9000
1758098682426 1.1711909200285415 9500
