1758126082155 1.2093097391706353 0
1758126082328 0.9463865119159466 500
1758126082409 1.158233170629519 1000
1758126082638 0.519829624047262 1500
1758126082782 1.503091170706123 2000
1758126082939 1.399471367795871 2500
1758126083058 1.02592490035281 3000
1758126083233 1.5316646783269705 3500
1758126083383 1.1460024246878573 4000
1758126083631 1.2920038642972567 4500
1758126083761 1.318354283762702 5000
1758126083877 0.40383651205768295 5500
1758126083998 1.1959476494861454 6000
1758126084212 0.5837334757516621 6500
1758126084273 0.42312793696262135 7000
1758126084326 1.3023061440592942 7500
1758126084384 0.2703565415009598 8000
1758126084471 1.6429761776796126 8500
1758126084579 0.861260548481987 9000
1758126084673 1.3764883155666052 9500
