1757821908854 1.3619566711116429 0
1757821909573 0.7911556898354088 500
1757821909964 1.696726844041568 1000
1757821910419 1.6662801892034211 1500
1757821910794 0.853294621884229 2000
1757821911181 1.6457161943115637 2500
1757821911614 1.6342583983706085 3000
1757821911958 1.6132895627757475 3500
1757821912289 1.4184787914725554 4000
1757821912672 1.565017308793602 4500
1757821913025 0.8387234968717721 5000
1757821913375 0.7521861884939641 5500
1757821913714 0.8037504572079841 6000
1757821914148 0.9818960149264045 6500
1757821914557 0.8573392288521342 7000
1757821915001 1.5497287424272137 7500
1757821915415 1.4228088703285473 8000
1757821915795 0.7881937589064448 8500
1757821916244 1.7790263137013795 9000
1757821920114 1.4895364751029874 9500
