1758209795417 1.550733450101498 0
1758209796670 5.406342903229668 500
1758209799676 5.385291587866327 1000
1758209801326 5.372854653406332 1500
1758209803029 5.366569971318779 2000
1758209804511 5.371535686435737 2500
1758209805792 5.369403855851453 3000
1758209806854 5.366683543370498 3500
1758209808218 5.365030353082328 4000
1758209809348 5.363834920276472 4500
1758209810471 5.363003606229418 5000
1758209814121 5.3616747559966065 5500
1758209842970 5.359567158184294 6000
1758209857088 5.357584091293936 6500
1758209861248 5.356658003300691 7000
1758209865390 5.356205472563557 7500
1758209867226 5.355944115181655 8000
1758209869285 5.35577326385957 8500
1758209872810 5.355652419389739 9000
1758209876031 5.355562458020743 9500
