1758210095396 1.2923998034573692 0
1758210095960 0.7345586553741235 500
1758210096503 0.6823693189999243 1000
1758210097089 0.6595366096271393 1500
1758210097589 0.6568771374300351 2000
1758210098737 0.6378961942159489 2500
1758210099212 0.6271917113791697 3000
1758210099975 0.6675051554826748 3500
1758210101012 0.6388566846825184 4000
1758210101731 0.6139597154077698 4500
1758210102211 0.6125397838740263 5000
1758210102738 0.6115282724968049 5500
1758210103306 0.6121171455167004 6000
1758210104033 0.6105339627839311 6500
1758210104572 0.6606913534370659 7000
1758210105813 0.6063880219123463 7500
1758210106857 0.6104936293779787 8000
1758210107662 0.6011612298888133 8500
1758210109691 0.6134707554597105 9000
1758210110480 0.6112638200317142 9500
