1757821462154 2.5461241229477545 0
1757821462243 1.676243511224275 500
1757821462333 1.9701724270442273 1000
1757821462395 1.0617094230425188 1500
1757821462444 1.5307853477100757 2000
1757821462496 0.8470610563507626 2500
1757821462554 1.0624552828491978 3000
1757821462621 1.4143897280358575 3500
1757821462693 1.4287243205861118 4000
1757821462758 1.0358754974790512 4500
1757821462824 1.2205329594825687 5000
1757821462894 1.392010078740611 5500
1757821462966 1.458367352158321 6000
1757821463038 1.95563367699791 6500
1757821463080 1.343490011295401 7000
1757821463188 1.490408715798633 7500
1757821463261 1.5522655386821091 8000
1757821463325 1.1199491567162951 8500
1757821463394 1.6310197438625837 9000
1757821463461 0.90112493588862 9500
