1757819499130 2.5170146167050276 0
1757819499226 0.585980213768174 500
1757819499301 1.2487688561441739 1000
1757819499369 1.4163528688805145 1500
1757819499434 1.184231627634783 2000
1757819499498 1.3423702890685227 2500
1757819499574 1.3955029298705888 3000
1757819499640 1.344160480232431 3500
1757819499712 1.2362079784235829 4000
1757819499785 1.0839141475796548 4500
1757819499862 1.0217091792910171 5000
1757819499937 1.109044406861481 5500
1757819500024 1.6972949976117693 6000
1757819500132 1.2421301623492291 6500
1757819500187 1.3206296780321451 7000
1757819500237 0.9606626911164966 7500
1757819500332 0.768894001323897 8000
1757819500400 1.475389870811057 8500
1757819500463 1.19103518886889 9000
1757819500535 1.2129793876690136 9500
