1757822301939 0.9921780628687765 0
1757822302042 1.6445001980680165 500
1757822302131 1.6282117061826376 1000
1757822302198 0.9087101213209904 1500
1757822302251 1.0253132671862553 2000
1757822302299 1.471861077648842 2500
1757822302402 1.328944532119884 3000
1757822302459 1.2446302953709394 3500
1757822302515 1.1711663439965625 4000
1757822302575 1.4295984574781848 4500
1757822302637 1.043130727710573 5000
1757822302796 1.0028069447670107 5500
1757822302864 1.2484517810901157 6000
1757822302928 0.8961051696777198 6500
1757822302964 1.2982134717266096 7000
1757822303051 1.2426866549112452 7500
1757822303135 1.2796150256198924 8000
1757822303230 1.376143412911174 8500
1757822303300 1.1672825842888752 9000
1757822303357 0.6035231667937918 9500
