1758124904499 1.731984300180116 0
1758124904605 2.3237031422525356 500
1758124904664 1.4615782370692103 1000
1758124904751 1.1554154112319053 1500
1758124904826 1.3499729989813654 2000
1758124904895 1.4580679571017716 2500
1758124905008 1.3158697841574185 3000
1758124905087 0.7155783145991768 3500
1758124905165 1.858070301890569 4000
1758124905260 0.296716966749777 4500
1758124905346 0.6677106294835746 5000
1758124905432 1.2537970744251532 5500
1758124905528 0.1941134373197529 6000
1758124905621 0.8739409525403605 6500
1758124905677 0.31085735210815146 7000
1758124905739 0.7344994884068251 7500
1758124905925 0.790024461949078 8000
1758124905988 0.21848785480525987 8500
1758124906055 0.98212612833289 9000
1758124906127 1.2635128921449124 9500
