1758210133850 1.3085716413473263 0
1758210133938 1.6675485792861326 500
1758210134039 1.3739704140364166 1000
1758210134098 2.006791401452528 1500
1758210134210 1.279352392347058 2000
1758210134293 1.2730469360254433 2500
1758210134367 0.7468221857654641 3000
1758210134446 2.4255018239812594 3500
1758210134539 1.1394809750771955 4000
1758210134629 0.7989305889769202 4500
1758210134722 0.6673397998553139 5000
1758210134860 1.2148651337847778 5500
1758210134969 1.0304785586738712 6000
1758210135078 0.9580635525882877 6500
1758210135131 1.1785822018492083 7000
1758210135234 1.4975142292890455 7500
1758210135303 0.5668984071093721 8000
1758210135367 1.102513228769519 8500
1758210135430 0.9149295856995654 9000
1758210135497 0.9277325967689711 9500
