1758125331317 1.5691175125690688 0
1758125332371 5.406290694590131 500
1758125333494 5.385154558390716 1000
1758125334444 5.372704965361913 1500
1758125335349 5.366418906900076 2000
1758125336359 5.370635748452472 2500
1758125337470 5.3689695051280815 3000
1758125338639 5.366454017537635 3500
1758125339682 5.364890237766425 4000
1758125340690 5.363736322594458 4500
1758125341768 5.362908110264377 5000
1758125342797 5.361547403684022 5500
1758125343796 5.359377200977794 6000
1758125344829 5.357483246417298 6500
1758125346008 5.356609078833469 7000
1758125347040 5.356176842142288 7500
1758125348051 5.35592463040013 8000
1758125349095 5.355758705267108 8500
1758125350264 5.355640897972487 9000
1758125351523 5.355552990046348 9500
