1758163283656 1.422954268952717 0
1758163286621 5.506712929601552 500
1758163288597 5.5090515766319 1000
1758163290374 5.508952811937171 1500
1758163292122 5.508838449395224 2000
1758163293765 5.508796666386883 2500
1758163295837 5.508782713234069 3000
1758163297391 5.508778049593343 3500
1758163299201 5.508776467999606 4000
1758163300913 5.508775923685871 4500
1758163302253 5.5087757340309516 5000
1758163303614 5.508775667297064 5500
1758163305480 5.508775643634445 6000
1758163306910 5.5087756351938895 6500
1758163308343 5.508775632169067 7000
1758163309635 5.508775631081098 7500
1758163311292 5.508775630688636 8000
1758163313238 5.508775630546732 8500
1758163315486 5.508775630495324 9000
1758163317704 5.508775630476671 9500
