1757823688488 1.223137404810448 0
1757823689801 0.6524413165002225 500
1757823691121 0.6254947008877524 1000
1757823692298 0.6154153452727866 1500
1757823693437 0.6105838708261739 2000
1757823694524 0.6079364262366815 2500
1757823695666 0.6063423451931339 3000
1757823696775 0.6053076418153553 3500
1757823698340 0.604592379585634 4000
1757823699630 0.6040708252792091 4500
1757823700720 0.6036730200143174 5000
1757823701877 0.6033580133812256 5500
1757823702953 0.6031007372322711 6000
1757823704167 0.60288521264342 6500
1757823705325 0.6027008729747204 7000
1757823706419 0.6025404938911301 7500
1757823707513 0.602398985746365 8000
1757823708597 0.6022726653114286 8500
1757823709746 0.6021588026639877 9000
1757823710831 0.6020553308823529 9500
