1758125432445 1.4999773027782684 0
1758125432895 0.6214055107175475 500
1758125433348 0.6118229069684266 1000
1758125433831 0.5910251054669283 1500
1758125434278 0.6077858674537495 2000
1758125434695 0.5984327845288967 2500
1758125435098 0.6053655527963862 3000
1758125435504 0.6061913240457342 3500
1758125435995 0.5688148121075033 4000
1758125436479 0.5752619052640271 4500
1758125437034 0.5863629356856058 5000
1758125437502 0.6105472279407999 5500
1758125438009 0.6003528404612436 6000
1758125438493 0.591098624494758 6500
1758125438935 0.6034875145919486 7000
1758125439328 0.5721168968349427 7500
1758125439739 0.5965643854422368 8000
1758125440142 0.5928448820714552 8500
1758125440646 0.5868254367418531 9000
1758125441067 0.5973359716594531 9500
