1758205874404 1.5676895733061584 0
1758205874740 0.7336357710910277 500
1758205875038 0.6806094958219929 1000
1758205875325 0.662753130602726 1500
1758205875604 0.6490169471898986 2000
1758205875923 0.636145466470771 2500
1758205876289 0.6254626441338945 3000
1758205876598 0.6261757826219043 3500
1758205876918 0.608662204192001 4000
1758205877290 0.6243764678512497 4500
1758205877639 0.6093489555921028 5000
1758205878038 0.6171853167851864 5500
1758205878396 0.6271538312644319 6000
1758205878727 0.6397179258528882 6500
1758205879050 0.6179781685243776 7000
1758205879381 0.6179878909832557 7500
1758205879693 0.6372490498481492 8000
1758205880573 0.614804310657202 8500
1758205881077 0.633826728640425 9000
1758205881591 0.6296145466643466 9500
