1758211700836 1.8012021825218083 0
1758211700930 1.1485757353027894 500
1758211700992 1.2454614620981719 1000
1758211701051 1.1203919690442907 1500
1758211701129 1.3635634021729757 2000
1758211701200 1.1485602700712112 2500
1758211701272 0.6966788442143499 3000
1758211701344 0.039500938489598306 3500
1758211701426 1.67842935620991 4000
1758211701517 0.999953765746828 4500
1758211701603 1.0558221145988136 5000
1758211701697 1.1704629108659408 5500
1758211701819 1.0636278383775426 6000
1758211701905 1.2974465336151224 6500
1758211701953 0.24052114202207076 7000
1758211702077 0.5801059209241345 7500
1758211702131 1.1253187811442982 8000
1758211702193 1.4304020229149512 8500
1758211702253 0.8637145081528733 9000
1758211702335 1.0263892668993195 9500
