1758210243386 1.7318715234994602 0
1758210243753 0.6801047650372367 500
1758210244081 0.6202784484987304 1000
1758210244397 0.6157628120224166 1500
1758210244721 0.6222012705231168 2000
1758210245026 0.6006332623166637 2500
1758210245350 0.5953392022357085 3000
1758210245668 0.5968473069176334 3500
1758210245982 0.6093193305447505 4000
1758210246307 0.6644016228281526 4500
1758210246647 0.6154011213889293 5000
1758210247012 0.5908558038976497 5500
1758210247391 0.5981277690419851 6000
1758210247884 0.6009752696729627 6500
1758210248499 0.600989121107868 7000
1758210249087 0.5972964620406844 7500
1758210249838 0.5851571710680616 8000
1758210250343 0.5986819689876188 8500
1758210250940 0.6125960970519995 9000
1758210251496 0.5965592176029892 9500
