1757819350507 2.4623575144747605 0
1757819350596 2.298250367536295 500
1757819350680 1.9744081498013069 1000
1757819350775 0.8347229144063437 1500
1757819350818 2.724639078777877 2000
1757819350935 0.8154993886525644 2500
1757819350994 1.0288555925431284 3000
1757819351047 1.5289257370622222 3500
1757819351107 1.076452970386261 4000
1757819351182 1.7758941157917734 4500
1757819351244 1.1978908845851994 5000
1757819351308 2.3907070898637945 5500
1757819351383 2.546384018464054 6000
1757819351457 2.309385196016663 6500
1757819351494 1.4513692041613546 7000
1757819351584 1.8562396089475355 7500
1757819351626 1.5281913459200638 8000
1757819351716 1.6306675885413775 8500
1757819351767 1.392316589283929 9000
1757819351820 0.6947537852958512 9500
