1758172259339 1.8973700887728477 0
1758172259435 2.307680458174986 500
1758172259482 1.8175510655540457 1000
1758172259576 1.6002491679754993 1500
1758172259624 1.2257170591603554 2000
1758172259737 1.8475608001015285 2500
1758172259789 1.5778017482022755 3000
1758172259844 2.327513861986614 3500
1758172259908 2.526685308037263 4000
1758172259982 1.1978124025137769 4500
1758172260125 1.7959255795259734 5000
1758172260201 1.7379262652253376 5500
1758172260269 1.4157187881725855 6000
1758172260340 1.6336612111994002 6500
1758172260382 1.3259980941074392 7000
1758172260467 1.5476316518214188 7500
1758172260567 1.7480188537596406 8000
1758172260622 1.4428147277881422 8500
1758172260674 1.2608294268829605 9000
1758172260726 1.2678336891915472 9500
