1757821309922 1.2870928174417167 0
1757821310019 1.4060645246536703 500
1757821310107 1.5947086397348862 1000
1757821310192 1.571040028018676 1500
1757821310289 1.1567411494101965 2000
1757821310339 0.582881131621981 2500
1757821310452 0.879075914537105 3000
1757821310505 1.5263416600720712 3500
1757821310559 0.2038075479456322 4000
1757821310617 1.0072865822956176 4500
1757821310690 1.2683161061387387 5000
1757821310763 0.2299660129023713 5500
1757821310832 0.17392798647110194 6000
1757821310897 0.3866106466953244 6500
1757821310933 1.0216692556226372 7000
1757821311022 0.6892657535141309 7500
1757821311067 1.2568905138927198 8000
1757821311155 1.1457422340538694 8500
1757821311250 0.7779286068674336 9000
1757821311298 1.1471326329783131 9500
