1758171172445 1.5853996369566186 0
1758171174597 0.6061276728526505 500
1758171175365 0.6043235799673429 1000
1758171177610 0.6081827846105344 1500
1758171178787 0.5936869041427796 2000
1758171179387 0.608423156051003 2500
1758171179965 0.6002455139430468 3000
1758171180431 0.6421521246735937 3500
1758171180908 0.6318135958053932 4000
1758171181444 0.6038705204215823 4500
1758171181955 0.6266710250837335 5000
1758171182520 0.6006331480811192 5500
1758171182992 0.6143026105437979 6000
1758171183930 0.5990415156567376 6500
1758171184445 0.606898673499654 7000
1758171184957 0.614601824796993 7500
1758171185679 0.6106362909662851 8000
1758171186390 0.6155308206695169 8500
1758171186967 0.59618031389426 9000
1758171187560 0.6029548514131826 9500
