1758205540714 1.6285610127533983 0
1758205542097 4.632042621982096 500
1758205543488 4.595924326618749 1000
1758205544815 4.589416315467244 1500
1758205545728 4.58327416128145 2000
1758205546729 4.569226308257612 2500
1758205547994 4.564471876544401 3000
1758205549309 4.560884393359413 3500
1758205551245 4.558946673433034 4000
1758205553212 4.557580905862183 4500
1758205555148 4.554196864139391 5000
1758205556387 4.551910033827895 5500
1758205558143 4.5497253710115615 6000
1758205559498 4.547274038704156 6500
1758205560596 4.546265714475747 7000
1758205561937 4.545834589581016 7500
1758205563755 4.545611378345742 8000
1758205565189 4.545476592941907 8500
1758205566293 4.54538590969776 9000
1758205567421 4.545320112841634 9500
