1758098545388 1.3997145319635975 0
1758098546110 0.7303634431044318 500
1758098546548 0.6937846139824083 1000
1758098547020 0.6606531492787946 1500
1758098547537 0.7058958041669207 2000
1758098548799 0.6457750919607691 2500
1758098549279 0.6192791837120204 3000
1758098549712 0.61949434552752 3500
1758098550206 0.6339968046793286 4000
1758098550736 0.609287513005875 4500
1758098551414 0.6139667369131869 5000
1758098551920 0.6260247961969609 5500
1758098552627 0.6024130289663836 6000
1758098553230 0.615561254815805 6500
1758098553816 0.6112127708667584 7000
1758098554333 0.613642027374403 7500
1758098554944 0.6247929125907735 8000
1758098555837 0.5855323976953086 8500
1758098556561 0.6366676607587218 9000
1758098557254 0.6087464305081032 9500
