1758163277012 1.8371695678830684 0
1758163277105 1.6702027824134673 500
1758163277185 1.677487204160896 1000
1758163277240 1.3215376404327517 1500
1758163277296 1.3023725245036337 2000
1758163277354 1.6512391561149429 2500
1758163277437 3.453983464090143 3000
1758163277501 1.2969197403594228 3500
1758163277569 2.0863190419128714 4000
1758163277663 1.2937023426718441 4500
1758163277752 0.9365251840449296 5000
1758163277837 1.3705384359067776 5500
1758163277918 1.075966822451165 6000
1758163278019 1.209948675949838 6500
1758163278066 2.093958797484825 7000
1758163278164 1.457158198029927 7500
1758163278217 1.697407881711399 8000
1758163278278 1.9951113118093478 8500
1758163278342 1.4928362232947483 9000
1758163278408 1.2524387187756847 9500
