1758205817599 1.6672971325394805 0
1758205818924 0.6509896733272709 500
1758205820496 0.6247112981876064 1000
1758205821828 0.6150457432655058 1500
1758205823209 0.6104214221697699 2000
1758205824971 0.6078813921210009 2500
1758205826631 0.6063456511577052 3000
1758205828573 0.605343734777221 3500
1758205829954 0.6046472174792641 4000
1758205831560 0.6041363421882329 4500
1758205833097 0.6037444246869268 5000
1758205834585 0.6034323939919168 5500
1758205835769 0.6031763024515729 6000
1758205837307 0.6029608593308071 6500
1758205838687 0.6027759298570526 7000
1758205839798 0.6026145643674183 7500
1758205840989 0.6024718488152824 8000
1758205842111 0.6023442118143867 8500
1758205843278 0.602228993654065 9000
1758205844411 0.6021241702131804 9500
