1757822272830 1.5792024095617516 0
1757822273288 0.6217662475616756 500
1757822273843 0.6253306999889063 1000
1757822274188 0.6209063092941093 1500
1757822274528 0.6575655144852139 2000
1757822274878 0.5950677047467143 2500
1757822275270 0.5974590618594224 3000
1757822275628 0.6018278782867138 3500
1757822275977 0.5956183038480124 4000
1757822276327 0.609991859786408 4500
1757822276672 0.5898142384488562 5000
1757822277027 0.5992054721991038 5500
1757822277407 0.5904892833627869 6000
1757822277799 0.599321010897552 6500
1757822278167 0.5962228681976243 7000
1757822278523 0.599734561366221 7500
1757822278906 0.6058979665444172 8000
1757822279336 0.595076369742449 8500
1757822279703 0.535544724505077 9000
1757822280159 0.6127400773597855 9500
