1757823500281 1.5805273965413613 0
1757823501213 5.406892558451757 500
1757823502415 5.384828165546635 1000
1757823503519 5.372624664174593 1500
1757823504625 5.3662754488740205 2000
1757823505595 5.37096934401701 2500
1757823506678 5.369065415771878 3000
1757823509180 5.366505694777564 3500
1757823511630 5.364919508138052 4000
1757823513154 5.363756165849425 4500
1757823514663 5.3629268033655615 5000
1757823516045 5.361570838250313 5500
1757823517686 5.359410874972282 6000
1757823519172 5.357500101017706 6500
1757823521300 5.356616662954126 7000
1757823522899 5.356180838561263 7500
1757823524465 5.355927020347467 8000
1757823526071 5.355760237331619 8500
1757823527557 5.355641907893968 9000
1757823528785 5.355553653355442 9500
