1758205791224 1.7274920009613077 0
1758205792168 0.6035094716608038 500
1758205793063 0.6019020710915418 1000
1758205794135 0.6012829231822034 1500
1758205795217 0.6009271653192821 2000
1758205796320 0.6006969377518975 2500
1758205797358 0.6005371208042137 3000
1758205798469 0.60042042993087 3500
1758205799600 0.6003320313896482 4000
1758205800771 0.6002632457734466 4500
1758205802085 0.6002086561376517 5000
1758205803333 0.6001646889469624 5500
1758205804459 0.6001288746007931 6000
1758205805520 0.6000994402137854 6500
1758205806596 0.6000750737220663 7000
1758205807667 0.6000547805759109 7500
1758205808821 0.6000377926611792 8000
1758205809911 0.6000235079415586 8500
1758205811030 0.6000114489440114 9000
1758205812119 0.6000012332885306 9500
