1758135173277 1.4588123583630244 0
1758135173372 1.0910083907625785 500
1758135173498 2.0280564055949615 1000
1758135173558 0.8906366654674303 1500
1758135173626 0.9737948306592187 2000
1758135173697 1.007918590596637 2500
1758135173780 1.481983781201082 3000
1758135173860 0.8372632920040348 3500
1758135173943 1.9540890496658774 4000
1758135174038 1.6463697633329395 4500
1758135174131 1.2776514129036507 5000
1758135174234 2.049147838285389 5500
1758135174375 0.9847999445332697 6000
1758135174477 0.9062715019767814 6500
1758135174521 1.471056352555976 7000
1758135174622 1.2160642835423816 7500
1758135174677 0.8604590822659814 8000
1758135174732 0.662088093061213 8500
1758135174793 0.753619392642605 9000
1758135174881 0.5475450616519217 9500
