1758163453199 1.4932599108241598 0
1758163453788 0.7645141150506946 500
1758163454386 0.6844444572783351 1000
1758163455308 0.657314280901243 1500
1758163456470 0.6365954515213623 2000
1758163457136 0.6401086784484987 2500
1758163457824 0.6404259379666489 3000
1758163458627 0.635157671352692 3500
1758163459441 0.6302216004949676 4000
1758163462163 0.6084801677685716 4500
1758163468571 0.6792890249702765 5000
1758163471737 0.6078098618651901 5500
1758163475265 0.6118157296878254 6000
1758163477125 0.610073739136255 6500
1758163478470 0.608282657580604 7000
1758163482327 0.6181241033096756 7500
1758163483687 0.616008596058701 8000
1758163486448 0.628022470746515 8500
1758163490098 0.6321451926579671 9000
1758163493270 0.5900450748671713 9500
