1758135137225 1.5192452189246715 0
1758135138211 0.7583737259163386 500
1758135139079 0.7066240454660366 1000
1758135139789 0.658975868342045 1500
1758135140338 0.6619810645524795 2000
1758135141024 0.6596681404639134 2500
1758135141644 0.6388760111306447 3000
1758135142228 0.6487914408926393 3500
1758135142798 0.6208807337346287 4000
1758135143407 0.611851278924946 4500
1758135144331 0.6146634019385343 5000
1758135144911 0.6212756002367261 5500
1758135145633 0.613996797325052 6000
1758135146338 0.5644742086007563 6500
1758135147464 0.619094930499153 7000
1758135148281 0.5924826171544787 7500
1758135149208 0.5915220940156547 8000
1758135149983 0.6590088849413999 8500
1758135151075 0.5945939106696215 9000
1758135152426 0.587515059881089 9500
