1758126089160 1.7367594664688903 0
1758126089264 1.3454493302099517 500
1758126089332 0.7422986649326418 1000
1758126089385 1.3688583218946948 1500
1758126089444 2.1954102256789034 2000
1758126089521 0.994264426577959 2500
1758126089602 1.1890334680108632 3000
1758126089681 1.2706827366455833 3500
1758126089762 0.88456964528147 4000
1758126089869 1.737910882571014 4500
1758126089961 1.0013574986791864 5000
1758126090060 0.8322154156501729 5500
1758126090203 1.7356783833201295 6000
1758126090297 0.9627592522813962 6500
1758126090348 1.2162442887970168 7000
1758126090479 1.5277854181243362 7500
1758126090554 0.8197610376116622 8000
1758126090644 1.1164040791002785 8500
1758126090739 0.777037564375768 9000
1758126090812 1.6136200187570853 9500
