1757819190970 1.2626581519266857 0
1757819192058 4.63229784504289 500
1757819192960 4.595928346070696 1000
1757819193752 4.58892334390451 1500
1757819194543 4.5833551364673415 2000
1757819195343 4.5695769328212945 2500
1757819196136 4.564772441509903 3000
1757819196944 4.561100883243916 3500
1757819197847 4.559003363685236 4000
1757819198760 4.557572298577021 4500
1757819199723 4.554080941511261 5000
1757819200767 4.55188332431308 5500
1757819203045 4.549629465987587 6000
1757819205328 4.547227903166152 6500
1757819206918 4.546248164220697 7000
1757819208315 4.545826628032527 7500
1757819209777 4.545607034646136 8000
1757819210976 4.54547383272932 8500
1757819212064 4.545383930955821 9000
1757819213267 4.545318557115435 9500
