1757819509896 1.576461819034113 0
1757819509995 1.4021293685847551 500
1757819510048 1.446786320006511 1000
1757819510096 0.5820563491231207 1500
1757819510191 1.5223621620699213 2000
1757819510245 1.318377221665586 2500
1757819510308 1.746197302777476 3000
1757819510366 1.089156515115174 3500
1757819510426 1.0740267150128742 4000
1757819510493 1.1809030672243817 4500
1757819510590 1.3532136596324051 5000
1757819510671 1.215815686512476 5500
1757819510742 1.9270373380062167 6000
1757819510821 2.049940550651766 6500
1757819510862 1.7784046741186619 7000
1757819510956 1.636626113701373 7500
1757819511002 1.109462625598946 8000
1757819511098 1.917279410655107 8500
1757819511151 1.004595179949937 9000
1757819511206 0.988781753025628 9500
