1757822988850 1.6289768478172788 0
1757822988975 1.8953106727139768 500
1757822989065 0.9519937166875223 1000
1757822989108 1.5904428698466155 1500
1757822989193 0.42465039859680803 2000
1757822989298 1.2691297754622357 2500
1757822989353 1.4107392924528563 3000
1757822989412 1.7403034545255447 3500
1757822989472 1.2040955738001358 4000
1757822989530 1.6507205475127547 4500
1757822989593 0.32581028291525643 5000
1757822989682 0.8482199380626345 5500
1757822989749 1.2968900632596776 6000
1757822989812 0.4035517750761742 6500
1757822989848 1.522878877031236 7000
1757822989934 1.08575098516946 7500
1757822990026 0.9961387364661528 8000
1757822990071 0.2528800864714792 8500
1757822990178 1.4331915357434388 9000
1757822990231 0.5774012184043346 9500
