1758163516873 1.5836471734192685 0
1758163516976 1.4600004362609513 500
1758163517026 1.304673123524856 1000
1758163517127 1.6673011884789553 1500
1758163517190 1.7965432806295243 2000
1758163517262 0.5866930577906131 2500
1758163517340 1.424975472119209 3000
1758163517417 0.659269325982606 3500
1758163517504 1.6139035265291821 4000
1758163517598 1.491528455528981 4500
1758163517692 1.3615779086055289 5000
1758163517780 0.10278198172302036 5500
1758163517901 1.2685165801163947 6000
1758163518000 1.4202663959621191 6500
1758163518046 0.9394679022123894 7000
1758163518189 0.8332465392968902 7500
1758163518253 1.0051168680315192 8000
1758163518321 1.2532172876242236 8500
1758163518384 0.6217434701644609 9000
1758163518447 0.26002992172289013 9500
