1757822841166 1.4795586556075688 0
1757822841585 0.7279154659137569 500
1757822841954 0.6786592132897211 1000
1757822842315 0.6582176032046593 1500
1757822842687 0.663641548854247 2000
1757822843031 0.6401022435886473 2500
1757822843371 0.6334827760876311 3000
1757822843699 0.6288747959703552 3500
1757822844038 0.6207196274842071 4000
1757822844348 0.6052018588429374 4500
1757822844721 0.6005262012454262 5000
1757822845062 0.6090663001817329 5500
1757822845398 0.6072842212552755 6000
1757822845756 0.6093979265293873 6500
1757822846129 0.6017954290257858 7000
1757822846540 0.5911311400655037 7500
1757822846889 0.605243909102385 8000
1757822847260 0.6068157918166052 8500
1757822847651 0.6062431016037771 9000
1757822848057 0.6055556200730288 9500
