1758125442748 1.727039705927969 0
1758125443297 0.7908425663675511 500
1758125443847 0.6830730609995792 1000
1758125444506 0.6663874859271015 1500
1758125445160 0.6744669646433955 2000
1758125445708 0.6439816042889216 2500
1758125446217 0.6353801120703253 3000
1758125446803 0.6149170200656604 3500
1758125447282 0.6395462564619993 4000
1758125447717 0.608884848007843 4500
1758125448181 0.5906717772266619 5000
1758125448998 0.6049871326314684 5500
1758125449593 0.6448046966885052 6000
1758125450598 0.6107078441335172 6500
1758125451293 0.6206274669497618 7000
1758125451966 0.6002056535665036 7500
1758125452640 0.6009706474685799 8000
1758125453244 0.6094514146738306 8500
1758125453715 0.5934408455271786 9000
1758125454162 0.6253228864973407 9500
