1758124907534 1.6156156090454825 0
1758124907635 1.702656242271613 500
1758124907697 1.0184075361867835 1000
1758124907764 1.3251151698843266 1500
1758124907826 1.8654667836461722 2000
1758124907883 1.5709532841591425 2500
1758124907954 0.9612094309223036 3000
1758124908034 1.3086090073186811 3500
1758124908111 1.282750423517924 4000
1758124908186 1.152302324289889 4500
1758124908322 1.2229060372630327 5000
1758124908430 0.3800937197810768 5500
1758124908537 2.301091660097169 6000
1758124908623 1.1506598466379108 6500
1758124908674 1.8743989702280142 7000
1758124908725 0.9747401189744317 7500
1758124908775 1.0697629628808296 8000
1758124908831 0.8622708521598123 8500
1758124908893 1.1424498769716467 9000
1758124908961 1.6757076214479194 9500
