1757823630430 1.5416314399473747 0
1757823630523 0.5179280490901326 500
1757823630624 1.0967271160863106 1000
1757823630688 2.2043889173632065 1500
1757823630744 1.4315499167467374 2000
1757823630803 0.27809292763216775 2500
1757823630864 1.2957312726565193 3000
1757823630948 1.4203813495769753 3500
1757823631027 0.023705734319035006 4000
1757823631116 0.4032822491788313 4500
1757823631223 1.0973985793566947 5000
1757823631302 0.9426287170071658 5500
1757823631388 0.1844493226770687 6000
1757823631477 1.0910899358797743 6500
1757823631521 0.7396901441939081 7000
1757823631614 1.0367116072462892 7500
1757823631665 0.23236078817626427 8000
1757823631754 1.2019756436514637 8500
1757823631813 0.9546170769221521 9000
1757823631875 2.1039130352437465 9500
