1758211917952 3.0268570945543622 0
1758211918045 1.7772512380659178 500
1758211918204 2.6045988249205174 1000
1758211918263 0.5948381863663295 1500
1758211918324 1.1087242184624067 2000
1758211918385 1.2522414431249607 2500
1758211918482 1.8573834711401205 3000
1758211918551 2.20862704387441 3500
1758211918625 2.023250334004156 4000
1758211918723 1.665788788026049 4500
1758211918809 1.0248561325763903 5000
1758211919186 1.0050175461872615 5500
1758211919300 0.8826480784245916 6000
1758211919487 0.9624201875399017 6500
1758211919566 1.1648842057400302 7000
1758211919642 1.0720934856367945 7500
1758211919725 1.6624764243177266 8000
1758211919803 1.9056793518927322 8500
1758211919893 0.9083061305842349 9000
1758211919972 1.433048683208071 9500
