1757823731808 1.6569797646109254 0
1757823732239 0.7375334326508005 500
1757823732614 0.6847591619310521 1000
1757823732993 0.6593393711871385 1500
1757823733370 0.6651101662306487 2000
1757823733759 0.6445054499818006 2500
1757823734134 0.649507863242596 3000
1757823734493 0.6259446926266545 3500
1757823734863 0.6384020080948264 4000
1757823735234 0.6048214736518442 4500
1757823735615 0.6088284264951775 5000
1757823736003 0.6121604026651073 5500
1757823736385 0.6092593799168136 6000
1757823736744 0.6121064522329764 6500
1757823737114 0.6119389151455426 7000
1757823737475 0.6211344612041534 7500
1757823737842 0.6069502446773843 8000
1757823738224 0.618865058665587 8500
1757823738615 0.5929724341210413 9000
1757823739004 0.6147038846983622 9500
