1757822971959 1.4353270949845949 0
1757822972369 0.7544394566977065 500
1757822972789 0.6844752983437622 1000
1757822973201 0.6573652963043374 1500
1757822973786 0.6632017723383105 2000
1757822974134 0.6373887171591011 2500
1757822974461 0.6369177027027628 3000
1757822974793 0.6391487136289002 3500
1757822975152 0.6299182510560258 4000
1757822975486 0.643382807406358 4500
1757822975837 0.6200826075412482 5000
1757822976171 0.6269859517144584 5500
1757822976541 0.618093009302664 6000
1757822976903 0.6059345303680476 6500
1757822977314 0.6187013624027474 7000
1757822977692 0.609633859295767 7500
1757822978059 0.6214145538380434 8000
1757822978410 0.6184895962464865 8500
1757822978766 0.6117281168834418 9000
1757822979155 0.6090981413688337 9500
