1757823746270 1.724792207023228 0
1757823746356 1.291648385044029 500
1757823746438 1.0265088501239623 1000
1757823746526 1.4144232496792097 1500
1757823746625 1.1700806317682224 2000
1757823746674 2.057374664508223 2500
1757823746799 1.300079127422334 3000
1757823746852 1.465645792369556 3500
1757823746908 1.3438119368989354 4000
1757823746969 0.6407561313091267 4500
1757823747044 1.1162805022912698 5000
1757823747108 0.9014649973489625 5500
1757823747174 2.2124307510471923 6000
1757823747240 0.9524338126218416 6500
1757823747281 1.8812728615584582 7000
1757823747371 0.982633686388642 7500
1757823747412 0.9265218160241843 8000
1757823747518 1.4651110854406704 8500
1757823747572 0.925752555264751 9000
1757823747623 1.6113961577853089 9500
