1758211713603 1.1980347178351687 0
1758211713902 1.521301512445959 500
1758211714011 1.6254336075103772 1000
1758211714106 2.217992715379727 1500
1758211714181 1.3964759332694847 2000
1758211714244 1.8462074244783069 2500
1758211714313 1.627485462744328 3000
1758211714377 1.87277289935973 3500
1758211714454 1.3003369475554605 4000
1758211714541 1.2043883012170558 4500
1758211714637 1.0804636216185557 5000
1758211714769 1.305875808641029 5500
1758211714864 1.533472003750229 6000
1758211714953 1.0623723912479404 6500
1758211715031 1.179824886493608 7000
1758211715097 2.1301450431482616 7500
1758211715159 1.402055251556363 8000
1758211715223 1.2909111075473803 8500
1758211715286 0.674452556345573 9000
1758211715359 0.9489359239022307 9500
