1757823594048 1.5548604945303204 0
1757823594612 0.7639176808871225 500
1757823595127 0.8272260304348252 1000
1757823595605 1.4815712042226363 1500
1757823596007 1.8034936458267057 2000
1757823596840 1.520291868947627 2500
1757823598091 0.6456025016640073 3000
1757823598559 1.5532555186321593 3500
1757823599034 1.3422343951107218 4000
1757823599551 1.5576743694765611 4500
1757823600001 1.7814962825377219 5000
1757823600481 1.4562736843910085 5500
1757823600933 1.6779772310094005 6000
1757823601424 1.3656064630708655 6500
1757823601906 1.654087043632469 7000
1757823602384 1.6082349681134234 7500
1757823602798 1.3037221396705383 8000
1757823603224 1.5525205637222304 8500
1757823605629 1.4566359570173832 9000
1757823608018 1.4280937852948103 9500
