1757822983657 1.12750488597547 0
1757822983751 1.3831053231587556 500
1757822983840 0.8492267338401662 1000
1757822983933 0.9795572220876183 1500
1757822983985 1.0916616484947566 2000
1757822984041 1.1908597186424057 2500
1757822984109 1.354520957095493 3000
1757822984195 1.1434439828160294 3500
1757822984263 0.7585498379848418 4000
1757822984330 0.5320624688374817 4500
1757822984402 1.3911063606728615 5000
1757822984484 1.1119822718808194 5500
1757822984560 0.6007653526248171 6000
1757822984631 1.3178187228888576 6500
1757822984671 1.2135388510554848 7000
1757822984758 0.6753049545658556 7500
1757822984854 0.7876820509234245 8000
1757822984904 1.0970952576647588 8500
1757822984959 1.2574197714989541 9000
1757822985112 1.1244594521214462 9500
