1758163522741 1.4542164055419113 0
1758163522833 0.930374916497827 500
1758163522925 1.974381207403626 1000
1758163522978 1.7545482248979534 1500
1758163523031 1.203666142523366 2000
1758163523091 1.5218304052967973 2500
1758163523169 1.0655280640305405 3000
1758163523233 0.7580970420413405 3500
1758163523298 0.8191207146372708 4000
1758163523372 1.546774465256046 4500
1758163523455 0.8263029572883122 5000
1758163523533 0.9254989350866715 5500
1758163523617 1.0610806415468392 6000
1758163523703 1.450994297066425 6500
1758163523747 1.6035027662593557 7000
1758163523840 1.5780910090686087 7500
1758163523899 1.4095698015552995 8000
1758163523960 1.0535895290222357 8500
1758163524030 1.803723932597292 9000
1758163524100 1.7762853217341932 9500
