1758210270634 0.7775349310172054 0
1758210270741 1.2060157428293472 500
1758210270814 1.4305650281413136 1000
1758210270876 0.9952091189243086 1500
1758210270940 1.2437688546874544 2000
1758210271012 1.221036324755864 2500
1758210271089 0.456644851559586 3000
1758210271237 0.1271871505680826 3500
1758210271437 1.0539988130673894 4000
1758210271585 0.8342359467764242 4500
1758210271676 1.5840433577816802 5000
1758210271778 1.272709037609371 5500
1758210271883 1.3320422000662464 6000
1758210271972 0.7978496266595088 6500
1758210272018 1.2186976095890618 7000
1758210272114 1.1774365256473187 7500
1758210272167 0.9932837641223308 8000
1758210272230 1.3523317002438724 8500
1758210272290 0.7820956615193424 9000
1758210272351 0.3712134474129059 9500
