1758125853990 1.7363659297913894 0
1758125855041 0.7324475102298196 500
1758125856250 0.6815254154195511 1000
1758125857053 0.6619573341069934 1500
1758125857807 0.6475395762513914 2000
1758125858758 0.6307148179894005 2500
1758125859417 0.6272826344654414 3000
1758125859917 0.6175087369838491 3500
1758125860485 0.6111365885300304 4000
1758125861038 0.6128050127049837 4500
1758125861636 0.6048748469396498 5000
1758125862192 0.6219802866503362 5500
1758125862739 0.6117771514490107 6000
1758125863356 0.6040946630330046 6500
1758125864213 0.6183706648943172 7000
1758125864853 0.599618000389207 7500
1758125865571 0.5909605725634912 8000
1758125866018 0.5965867868471667 8500
1758125866509 0.6124236314004898 9000
1758125867013 0.6241623118793801 9500
