1757823740698 0.8011254016468219 0
1757823740794 1.5302837152795667 500
1757823740972 0.8014185604237749 1000
1757823741029 0.15963559175641254 1500
1757823741114 0.809365180617828 2000
1757823741199 1.2978168921940254 2500
1757823741266 1.1773968166071556 3000
1757823741335 0.08031935241106831 3500
1757823741414 1.2585798179869356 4000
1757823741494 0.887815110655457 4500
1757823741572 1.304384982114017 5000
1757823741659 0.5946380571645203 5500
1757823741765 1.3670490086123022 6000
1757823741847 0.7338900266375947 6500
1757823741894 0.9679277088186607 7000
1757823742011 1.0243641863296684 7500
1757823742069 0.27801891889753294 8000
1757823742128 1.0913543921201618 8500
1757823742195 0.6590921233159545 9000
1757823742286 0.19664627120038505 9500
