1758098677995 1.5227834490369687 0
1758098678104 0.5024004185346249 500
1758098678168 1.2493859599595187 1000
1758098678249 1.5675714622935095 1500
1758098678316 0.39642245660696457 2000
1758098678387 1.2734187510587678 2500
1758098678470 1.0341713575857314 3000
1758098678554 0.1737896750208015 3500
1758098678637 1.2492581520055799 4000
1758098678721 0.9587554701452642 4500
1758098678836 1.3240190468983886 5000
1758098678936 0.6992344232325626 5500
1758098679035 0.5027360300725786 6000
1758098679133 0.7512413497526752 6500
1758098679186 1.147084848404372 7000
1758098679245 1.2662734203919723 7500
1758098679305 1.1358387696284 8000
1758098679402 1.3204772165256577 8500
1758098679468 0.5556233390012091 9000
1758098679539 0.5525714513703991 9500
