1758172176595 1.6206330863041605 0
1758172177719 0.6528976570470236 500
1758172178767 0.6254721344699653 1000
1758172180158 0.6153223084756776 1500
1758172181346 0.6104760033314959 2000
1758172182492 0.6078274213689158 2500
1758172183570 0.6062364092927924 3000
1758172184699 0.6052059245327569 3500
1758172185833 0.6044949764884153 4000
1758172187193 0.6039775070866693 4500
1758172189450 0.6035835019441922 5000
1758172191157 0.6032720460309947 5500
1758172193897 0.6030181277723151 6000
1758172195234 0.602805820336679 6500
1758172196956 0.6026245970354496 7000
1758172198289 0.6024672608264479 7500
1758172199505 0.6023287386965749 8000
1758172200688 0.6022053559589021 8500
1758172201952 0.6020943855151821 9000
1758172203145 0.601993759482966 9500
