1758172093920 2.0792035606152526 0
1758172094085 0.4662272195042236 500
1758172094180 1.0540141490533486 1000
1758172094260 1.2325431278138768 1500
1758172094372 0.15887570562023612 2000
1758172094451 0.7399994894546456 2500
1758172094533 1.2729141437331986 3000
1758172094628 0.7255254462886759 3500
1758172094732 0.24703094193183914 4000
1758172094837 0.9103638445934349 4500
1758172094951 0.28155238103858343 5000
1758172095075 0.8665672300550858 5500
1758172095215 0.951415968030136 6000
1758172095355 0.6349652202870736 6500
1758172095417 0.6159306299701788 7000
1758172095498 0.4099147593819397 7500
1758172095567 0.39060362362734347 8000
1758172095644 1.0801230864728524 8500
1758172095744 0.05461901518848105 9000
1758172095845 0.07921717208171264 9500
