1758205742098 1.0192915382168752 0
1758205742204 1.945809549673206 500
1758205742252 1.2754742771979675 1000
1758205742349 2.1044728646752495 1500
1758205742398 1.4640431853645108 2000
1758205742499 0.963967491062368 2500
1758205742569 1.8984968869681376 3000
1758205742639 1.2335120536009343 3500
1758205742707 1.0711535425646956 4000
1758205742782 1.6739314465501811 4500
1758205742864 1.5682059728950393 5000
1758205742946 1.2457765205700013 5500
1758205743048 0.7040046657907808 6000
1758205743136 1.6128497549622807 6500
1758205743181 1.2949295666757379 7000
1758205743275 0.9473596127304352 7500
1758205743335 1.189433507301932 8000
1758205743412 1.9218925448176338 8500
1758205743482 0.6928696006727291 9000
1758205743546 0.8174853763946478 9500
