1757821213406 1.6566722579214397 0
1757821214400 0.6029721133491506 500
1757821215376 0.6013977626613782 1000
1757821216253 0.6007277810794858 1500
1757821217163 0.6003126476277663 2000
1757821218044 0.6000187163404629 2500
1757821218945 0.5997914922613239 3000
1757821219912 0.5996049337191687 3500
1757821220896 0.5994457624323011 4000
1757821221903 0.5993068844523076 4500
1757821222941 0.59918429073732 5000
1757821224073 0.5990755569219852 5500
1757821225065 0.5989791936848287 6000
1757821226075 0.5988943727410754 6500
1757821227007 0.5988206700016242 7000
1757821227930 0.59875770499935 7500
1757821228839 0.5987048152902126 8000
1757821229767 0.5986609548530684 8500
1757821230885 0.5986248253987785 9000
1757821231836 0.598595088946863 9500
