1758124859451 1.501093717150919 0
1758124860466 1.6779497290042582 500
1758124861300 1.0432988141267396 1000
1758124862012 1.5867107935195655 1500
1758124862782 0.8011210269599821 2000
1758124863510 1.3672768462546192 2500
1758124864310 0.6809931974782767 3000
1758124864969 0.8860395366629832 3500
1758124865505 1.6200021982770179 4000
1758124866847 1.350250486335356 4500
1758124867539 1.5664142049552607 5000
1758124868182 0.678855607283895 5500
1758124868782 1.4345942986663984 6000
1758124870209 0.8839511290526957 6500
1758124870788 1.039962634295847 7000
1758124871273 1.5849292629629828 7500
1758124871859 1.405294927211535 8000
1758124872325 1.4213250395421342 8500
1758124872771 1.217826422356435 9000
1758124873169 0.7453452154204704 9500
