1757822769140 1.4541811306934693 0
1757822770090 0.6030785526339792 500
1757822770997 0.6014714960742721 1000
1757822771879 0.6007753320796577 1500
1757822772759 0.600341606573396 2000
1757822773615 0.6000360142273796 2500
1757822774935 0.5998020910028855 3000
1757822775903 0.5996121749050793 3500
1757822777419 0.5994518120043627 4000
1757822778480 0.5993130159983602 4500
1757822779781 0.5991910692871563 5000
1757822780781 0.5990830254007522 5500
1757822781714 0.5989870825513481 6000
1757822782640 0.5989022906546722 6500
1757822783614 0.5988282438271032 7000
1757822784557 0.5987646647945221 7500
1757822785481 0.5987110252574098 8000
1757822786393 0.5986663966837388 8500
1757822787321 0.5986295560536317 9000
1757822788179 0.598599198921122 9500
