1758124276644 1.3777472294987052 0
1758124277723 5.407812280096845 500
1758124278771 5.385189053436925 1000
1758124279757 5.37301126666747 1500
1758124280680 5.366840621792297 2000
1758124281497 5.371664638872073 2500
1758124282670 5.369400448153075 3000
1758124283642 5.3666589734330445 3500
1758124284593 5.365013324282658 4000
1758124285615 5.363819738242834 4500
1758124286494 5.362984197298474 5000
1758124287367 5.361641519198533 5500
1758124288263 5.3595113550285784 6000
1758124289122 5.357554237900026 6500
1758124290063 5.3566436372658215 7000
1758124290999 5.356196833438906 7500
1758124291998 5.355937866105128 8000
1758124292918 5.355768213262486 8500
1758124293854 5.355648071865175 9000
1758124294738 5.355558575087612 9500
