1758163186863 1.5208937856605982 0
1758163188782 1.6483636893827875 500
1758163189794 1.5399356252484204 1000
1758163190450 1.5678186296867707 1500
1758163191020 1.6864072709994902 2000
1758163191616 0.688339263040583 2500
1758163192323 1.5677850336280243 3000
1758163193349 1.9700668860443507 3500
1758163193977 1.510160869628259 4000
1758163194904 0.753441615629403 4500
1758163196354 0.7127250102573436 5000
1758163197603 0.7893926245271249 5500
1758163198456 1.7088195586728272 6000
1758163200619 0.669875138913958 6500
1758163201468 0.7972748688792005 7000
1758163202292 1.4155970303271888 7500
1758163203013 1.6647067217254103 8000
1758163203816 1.1054777099948259 8500
1758163204505 1.5434785626220928 9000
1758163206978 1.433193533990811 9500
