1757821966057 1.1968355073959678 0
1757821966151 2.5818687480478295 500
1757821966237 1.2795364871942034 1000
1757821966329 1.2308759687129527 1500
1757821966374 1.7010086980997399 2000
1757821966472 0.9322173322931627 2500
1757821966540 2.118409374619111 3000
1757821966594 1.3829761059625758 3500
1757821966653 1.5927231637727464 4000
1757821966709 2.041881382871131 4500
1757821966771 1.3297259222102478 5000
1757821966853 1.288932371839078 5500
1757821966920 1.116042773603589 6000
1757821966987 1.3439778161611449 6500
1757821967026 1.4884120811275885 7000
1757821967113 1.5079234366098175 7500
1757821967196 1.060776282861872 8000
1757821967290 1.32297519178302 8500
1757821967350 1.263243689504734 9000
1757821967404 1.1288542999454338 9500
