1758205748744 1.5598592358451018 0
1758205749875 4.9177036206724365 500
1758205751066 4.901047740224197 1000
1758205752629 4.899942209740562 1500
1758205754125 4.899787378782638 2000
1758205755646 4.899748289005463 2500
1758205757321 4.899736038802018 3000
1758205758984 4.899731884258392 3500
1758205760982 4.89973042102406 4000
1758205762601 4.899729894779794 4500
1758205764327 4.899729703219296 5000
1758205766156 4.89972963300327 5500
1758205768065 4.89972960716638 6000
1758205772587 4.899729597640209 6500
1758205775351 4.899729594124596 7000
1758205777673 4.899729592826763 7500
1758205779735 4.8997295923476685 8000
1758205781597 4.89972959217085 8500
1758205783516 4.899729592105611 9000
1758205785438 4.899729592081547 9500
