1758172110704 1.7233599187711088 0
1758172111539 5.506663701043937 500
1758172112737 5.509017498648014 1000
1758172113800 5.5089358077075605 1500
1758172114851 5.508832270961245 2000
1758172115910 5.508794630124509 2500
1758172117235 5.508782056350711 3000
1758172118409 5.508777836802612 3500
1758172119624 5.508776398225952 4000
1758172120870 5.508775900496604 4500
1758172122056 5.508775726227681 5000
1758172125058 5.508775664643081 5500
1758172126732 5.508775642723726 6000
1758172128396 5.508775634879064 6500
1758172129864 5.50877563205957 7000
1758172131252 5.508775631042819 7500
1758172132666 5.508775630675195 8000
1758172134089 5.508775630541995 8500
1758172137001 5.5087756304936475 9000
1758172138745 5.508775630476076 9500
