1758124296909 1.4797602183444052 0
1758124297816 0.6033915082255906 500
1758124298665 0.6016644903282166 1000
1758124299516 0.6008904362562578 1500
1758124300497 0.6004128471492364 2000
1758124301496 0.6000865834643869 2500
1758124302615 0.5998435599953283 3000
1758124303870 0.599649199391985 3500
1758124305012 0.5994860951469525 4000
1758124306045 0.5993451528854086 4500
1758124307024 0.599221230938968 5000
1758124308228 0.5991111748730618 5500
1758124309211 0.5990130310666033 6000
1758124310332 0.5989257399244471 6500
1758124311350 0.5988488805863569 7000
1758124312757 0.5987822944553426 7500
1758124313767 0.5987256690248988 8000
1758124314759 0.5986782906694236 8500
1758124315751 0.598639070046797 9000
1758124316774 0.5986067404380663 9500
