1757819425062 1.467785519427185 0
1757819426275 0.6530966314281201 500
1757819427424 0.625355305328417 1000
1757819428470 0.6151646684898892 1500
1757819429667 0.6103398955098245 2000
1757819431120 0.607717845651508 2500
1757819432591 0.6061473571041357 3000
1757819433974 0.6051313414726607 3500
1757819435514 0.6044304769931391 4000
1757819437285 0.6039201434880372 4500
1757819438963 0.6035313177887599 5000
1757819440834 0.6032237329704532 5500
1757819442645 0.6029727983172027 6000
1757819444109 0.6027628622448512 6500
1757819445573 0.6025835799590464 7000
1757819446853 0.6024278758685437 7500
1757819448206 0.6022907588586457 8000
1757819449713 0.6021686100313891 8500
1757819450993 0.6020587407258239 9000
1757819453398 0.6019591099027631 9500
