1757822177046 1.3846100910565102 0
1757822177909 5.507563789136454 500
1757822178860 5.509184251498248 1000
1757822179862 5.508970620510195 1500
1757822180970 5.50884110772344 2000
1757822182091 5.508797068355354 2500
1757822183484 5.508782753113063 3000
1757822185950 5.508778039112446 3500
1757822187444 5.50877645738846 4000
1757822188705 5.508775917822118 4500
1757822189932 5.508775731281392 5000
1757822191263 5.508775666102219 5500
1757822192594 5.508775643137247 6000
1757822193895 5.508775634992649 6500
1757822195186 5.508775632089152 7000
1757822196500 5.508775631049799 7500
1757822197768 5.508775630676504 8000
1757822199050 5.508775630542067 8500
1757822200338 5.508775630493542 9000
1757822201753 5.508775630475994 9500
