1758124393559 1.5406757600297187 0
1758124393656 0.6638323323291339 500
1758124393699 0.541319094402971 1000
1758124393784 0.3494961430461114 1500
1758124393878 1.3664595428659074 2000
1758124393931 1.0031455022173186 2500
1758124393989 0.83766776302708 3000
1758124394055 1.3865827072817345 3500
1758124394116 1.4218447601742803 4000
1758124394180 0.9614144799545692 4500
1758124394250 0.24223232494830177 5000
1758124394323 0.6368815994015252 5500
1758124394396 1.1077919402525895 6000
1758124394464 1.711962021883759 6500
1758124394500 0.9666106585847556 7000
1758124394588 1.4823755933513194 7500
1758124394684 0.33009435892037525 8000
1758124394741 0.286102225262479 8500
1758124394802 1.057338164377829 9000
1758124394863 1.342644249866386 9500
