1758211547277 1.6971600296448923 0
1758211562424 0.6512711309228005 500
1758211564633 0.6239954534769786 1000
1758211566659 0.6140993982036559 1500
1758211569033 0.6094509647904706 2000
1758211570949 0.6069467864042155 2500
1758211573789 0.6054637312098226 3000
1758211575347 0.6045158380076033 3500
1758211577332 0.6038686263216397 4000
1758211579922 0.6034001808795175 4500
1758211581797 0.6030434338532715 5000
1758211583995 0.6027597444851888 5500
1758211589622 0.6025259318081756 6000
1758211592279 0.6023275643624192 6500
1758211593960 0.6021553381730399 7000
1758211596011 0.6020030515338117 7500
1758211597301 0.6018664371318206 8000
1758211598584 0.6017424692983909 8500
1758211600295 0.6016289419596652 9000
1758211603619 0.6015242047521769 9500
