1758163244139 1.583828564138002 0
1758163244746 0.7347340074609405 500
1758163245288 0.6829037378856844 1000
1758163245920 0.6603864266030329 1500
1758163247154 0.6799501673641488 2000
1758163248365 0.6306500364674701 2500
1758163248963 0.6317315565712439 3000
1758163249691 0.6212999756036565 3500
1758163250295 0.6217334622857063 4000
1758163251298 0.6114888184340047 4500
1758163251969 0.6086938280091836 5000
1758163252503 0.6361261192276131 5500
1758163252978 0.6228411498789757 6000
1758163253475 0.6123337961542676 6500
1758163253992 0.6188981156255415 7000
1758163254591 0.6518895859200943 7500
1758163255247 0.6167386103892479 8000
1758163255688 0.6112939149714957 8500
1758163256313 0.6116663300591327 9000
1758163256934 0.6305300179091484 9500
