1758210073468 1.5238509823498663 0
1758210074333 0.6186249088849342 500
1758210074970 0.5978517267556156 1000
1758210075692 0.5896318118604651 1500
1758210076241 0.6071789711759764 2000
1758210077046 0.6110521848566037 2500
1758210077726 0.6069711351071282 3000
1758210078587 0.610825503188561 3500
1758210079453 0.597675543338605 4000
1758210080043 0.6056540945955636 4500
1758210080690 0.6582020572876301 5000
1758210081249 0.5960954610601898 5500
1758210082133 0.5909014199944275 6000
1758210082717 0.6178918625137384 6500
1758210083349 0.6000069107798751 7000
1758210084288 0.6009014581598748 7500
1758210085076 0.5803093232468237 8000
1758210085742 0.6109082900400078 8500
1758210086365 0.5932670192479074 9000
1758210087470 0.5917626507750404 9500
