1758210117330 1.2962207976167273 0
1758210117435 0.9951877635847627 500
1758210117616 1.1056648281509434 1000
1758210118603 0.9503547395649592 1500
1758210118749 0.17797545875676213 2000
1758210118879 0.056775295620781846 2500
1758210119034 0.8806929284590586 3000
1758210119170 0.11391320071749977 3500
1758210119269 1.2759538216883204 4000
1758210119363 0.8599250330337906 4500
1758210119488 0.23764054162186832 5000
1758210119637 0.6314455734391988 5500
1758210119769 0.16095492008140028 6000
1758210119876 0.5248974249076201 6500
1758210119935 1.418213505510732 7000
1758210119994 1.0148373609378707 7500
1758210120067 1.1968899544811848 8000
1758210120218 0.22104566684758317 8500
1758210120328 0.2874726372212816 9000
1758210120603 1.8263089081463046 9500
