1758125466579 1.4021268207927198 0
1758125467981 5.507009747931846 500
1758125469424 5.509087111419315 1000
1758125470947 5.508956427417167 1500
1758125472313 5.508838290818533 2000
1758125473833 5.508796337248361 2500
1758125475287 5.508782537245712 3000
1758125477086 5.5087779730271 3500
1758125478899 5.50877643723717 4000
1758125480551 5.508775911809419 4500
1758125481998 5.508775729548468 5000
1758125483583 5.508775665628284 5500
1758125485235 5.5087756430184625 6000
1758125487063 5.5087756349677335 6500
1758125488510 5.50877563208631 7000
1758125489865 5.508775631050875 7500
1758125491312 5.508775630677611 8000
1758125493150 5.508775630542709 8500
1758125495136 5.508775630493858 9000
1758125497128 5.508775630476136 9500
