1758163262968 1.2122031407591136 0
1758163263090 0.6846953002761444 500
1758163263157 0.973542812467983 1000
1758163263217 0.3720459805555453 1500
1758163263288 1.1073329608827542 2000
1758163263362 1.4639284270157151 2500
1758163263440 1.1660943325835191 3000
1758163263518 1.2024323745407608 3500
1758163263621 0.8653738293672288 4000
1758163263707 0.783160338967823 4500
1758163263802 1.0082869694449197 5000
1758163263950 0.7379461310606428 5500
1758163264109 0.08009538839182477 6000
1758163264259 0.85498103534466 6500
1758163264367 0.08526480528534765 7000
1758163264453 1.0673355155935695 7500
1758163264519 1.3210176626869687 8000
1758163264591 0.10560324377660966 8500
1758163264698 1.0170447316064666 9000
1758163264796 0.6620001496465303 9500
