1758135227819 1.5631131751301943 0
1758135229136 0.6034625238216358 500
1758135230522 0.6018362372043495 1000
1758135232618 0.6012363251992416 1500
1758135234555 0.6008950502790409 2000
1758135236140 0.6006733795739466 2500
1758135237381 0.6005186677269823 3000
1758135238634 0.6004053227716498 3500
1758135240141 0.6003193461965112 4000
1758135241547 0.6002524472857512 4500
1758135244122 0.600199396672419 5000
1758135251083 0.6001567184988198 5500
1758135254858 0.6001219992698563 6000
1758135256802 0.6000935020920803 6500
1758135258273 0.6000699405673838 7000
1758135259652 0.6000503400296905 7500
1758135261182 0.6000339486139427 8000
1758135262618 0.6000201779539341 8500
1758135264045 0.600008562232817 9000
1758135265386 0.5999987290597271 9500
