1757819229651 1.530164902637831 0
1757819231128 0.6029302227145992 500
1757819232727 0.6013534636571155 1000
1757819234163 0.6006714655417517 1500
1757819235979 0.6002466182117385 2000
1757819237410 0.5999506287012607 2500
1757819239407 0.5997260004696057 3000
1757819240683 0.5995440893615258 3500
1757819242024 0.5993904970925491 4000
1757819243847 0.5992575696369653 4500
1757819245334 0.5991408779450096 5000
1757819246830 0.599037734359045 5500
1757819249670 0.5989465957532499 6000
1757819251200 0.5988667035168376 6500
1757819252686 0.5987976708842646 7000
1757819254584 0.5987390417305206 7500
1757819256171 0.5986900132425083 8000
1757819257614 0.5986494337419052 8500
1757819258961 0.5986159853539541 9000
1757819260425 0.5985883830138929 9500
