1758098559035 1.6462900000556284 0
1758098559153 1.2580211524043503 500
1758098559237 1.06615825465052 1000
1758098559298 1.3112133618093411 1500
1758098559368 0.885832834341701 2000
1758098559433 1.6329410204992767 2500
1758098559506 1.3667751947385107 3000
1758098559587 1.109486262473708 3500
1758098559664 0.2764385828708992 4000
1758098559742 0.9570280969679329 4500
1758098559846 0.3025533081015964 5000
1758098559937 0.7075497595023779 5500
1758098560050 0.6959904079830647 6000
1758098560229 0.31296455266735485 6500
1758098560303 1.7984102022651807 7000
1758098560364 0.788468347979242 7500
1758098560454 0.3830649097102726 8000
1758098560532 0.007983859692257601 8500
1758098560603 0.4230289800875293 9000
1758098560693 0.5807656995439855 9500
