1758125635162 1.6118599400321802 0
1758125636160 4.629974365450436 500
1758125637574 4.595793197740776 1000
1758125638396 4.588420330919197 1500
1758125639317 4.582579111675443 2000
1758125640136 4.569075120533903 2500
1758125640999 4.5642988890135685 3000
1758125641967 4.560824405236232 3500
1758125643008 4.558891457497123 4000
1758125643886 4.5575120137927705 4500
1758125644775 4.554031011893169 5000
1758125645673 4.551855982888051 5500
1758125646670 4.549594909527646 6000
1758125647699 4.547206312182638 6500
1758125648747 4.546234110591074 7000
1758125649833 4.545815991626206 7500
1758125651049 4.545598310430116 8000
1758125652231 4.5454663653328495 8500
1758125653475 4.5453773736431335 9000
1758125654640 4.545312699073929 9500
