1757822150665 1.3975771050992343 0
1757822151193 0.7351477865007646 500
1757822151542 0.6817966252282036 1000
1757822151893 0.6755375018877021 1500
1757822152236 0.6524808653953531 2000
1757822152570 0.6584752201181387 2500
1757822152894 0.6259143247303133 3000
1757822153274 0.6289115950885165 3500
1757822153599 0.6137692603985252 4000
1757822153945 0.6203604313692883 4500
1757822154316 0.6243253939002488 5000
1757822154701 0.6059850132408956 5500
1757822155120 0.6073355778244678 6000
1757822155473 0.6598405508958549 6500
1757822155824 0.6191692534307802 7000
1757822156212 0.6154157238510927 7500
1757822156572 0.6164792518622273 8000
1757822156947 0.6109549970431347 8500
1757822157316 0.5897024664097997 9000
1757822157684 0.6105528007272053 9500
