1757822922138 1.6924769980080616 0
1757822923216 0.6509313306086828 500
1757822924394 0.6248139222017725 1000
1757822925381 0.6150542835199361 1500
1757822926330 0.6103757608870752 2000
1757822927308 0.6078098962986738 2500
1757822928522 0.6062623910150656 3000
1757822929534 0.605255679545706 3500
1757822930572 0.6045579412882389 4000
1757822931739 0.6040477233527353 4500
1757822932811 0.6036574543656562 5000
1757822933923 0.6033475825454033 5500
1757822935405 0.6030938932017385 6000
1757822936497 0.6028809450910898 6500
1757822937547 0.6026985183132403 7000
1757822938677 0.6025396156466446 7500
1757822939756 0.6023992974848927 8000
1757822941273 0.6022739799200088 8500
1757822942433 0.6021609984639743 9000
1757822943662 0.6020583287619485 9500
