1758163223997 1.5634287849440511 0
1758163225261 0.6068368822826383 500
1758163226663 0.5992435932546276 1000
1758163227982 0.6089208733050393 1500
1758163228688 0.6058832753228118 2000
1758163229400 0.5907479618823969 2500
1758163229996 0.5782374487160937 3000
1758163230516 0.6220699106049214 3500
1758163231039 0.6079703109643594 4000
1758163231960 0.5960237180062374 4500
1758163232488 0.6026111556091237 5000
1758163232971 0.6067250244159837 5500
1758163233500 0.6162495458619922 6000
1758163234035 0.6026322491935631 6500
1758163234715 0.6332688600106725 7000
1758163235300 0.6329053721665686 7500
1758163235809 0.6027423306331225 8000
1758163236300 0.6116035073334971 8500
1758163236787 0.5984380992413688 9000
1758163237438 0.602812498945955 9500
