1758205607210 1.423784251455945 0
1758205608215 0.6509433571134446 500
1758205609257 0.6243004544547935 1000
1758205610118 0.6143964937817434 1500
1758205611240 0.6096918297038332 2000
1758205613083 0.6071439181959898 2500
1758205619345 0.605630349510297 3000
1758205628862 0.6046610406292808 3500
1758205631309 0.6039984082975586 4000
1758205633817 0.6035185418516948 4500
1758205636011 0.6031531016984855 5000
1758205637645 0.6028626212889672 5500
1758205639824 0.6026233716771444 6000
1758205641159 0.6024205507821044 6500
1758205643085 0.6022445999740929 7000
1758205644630 0.6020891401929822 7500
1758205646035 0.6019497790366348 8000
1758205649104 0.6018234014402325 8500
1758205650844 0.6017077364851944 9000
1758205652365 0.6016010859487126 9500
