1758205727327 1.3783205722207186 0
1758205727456 2.1912236749009213 500
1758205727525 1.1814483588057818 1000
1758205727606 0.45945928922777307 1500
1758205727812 1.5093821946321386 2000
1758205728016 1.7317092526241942 2500
1758205728170 0.24490665791796473 3000
1758205728268 0.05442398976367183 3500
1758205728374 0.6950310721259748 4000
1758205728503 0.6163607999277594 4500
1758205728621 0.40880883527519957 5000
1758205728780 0.7319054123892665 5500
1758205728873 1.1892161108342467 6000
1758205728967 0.3636988553628246 6500
1758205729021 0.10068530298801195 7000
1758205729090 0.6805254661805364 7500
1758205729141 0.7338969019465871 8000
1758205729203 0.07968601063473808 8500
1758205729281 0.08031199641697526 9000
1758205729341 1.7637156346606349 9500
