1757822859161 1.1173649530212202 0
1757822859262 1.0587541431344432 500
1757822859298 1.80912702804354 1000
1757822859401 1.0996408581892043 1500
1757822859447 0.8142192582666251 2000
1757822859542 0.7955038858262918 2500
1757822859594 1.1249145498677595 3000
1757822859650 1.441802267856231 3500
1757822859701 0.8642900835854724 4000
1757822859754 1.1669426690385898 4500
1757822859811 1.4062871608284642 5000
1757822859876 1.3047239592440267 5500
1757822859939 0.6480417463823431 6000
1757822860001 1.1861173045586604 6500
1757822860035 0.5973682102285935 7000
1757822860122 0.642773009671661 7500
1757822860211 0.4637092625308026 8000
1757822860253 1.1588639468675637 8500
1757822860350 1.2305645179113036 9000
1757822860399 0.4393453338086989 9500
