1758209906772 1.4013616980309143 0
1758209910231 0.6030875764412881 500
1758209913635 0.6014299623389514 1000
1758209916615 0.6007183903331972 1500
1758209919860 0.6002811516063206 2000
1758209921615 0.599979618064694 2500
1758209923335 0.5997522569765258 3000
1758209925823 0.5995687905502775 3500
1758209927660 0.5994140898005094 4000
1758209930076 0.5992801491189386 4500
1758209933225 0.5991623484966505 5000
1758209935460 0.5990578648704908 5500
1758209937646 0.5989650496309064 6000
1758209939875 0.5988831035682664 6500
1758209956064 0.5988117123591856 7000
1758209965881 0.5987506028344888 7500
1758209969299 0.5986991919197036 8000
1758209972708 0.5986564952497975 8500
1758209975196 0.5986212707938755 9000
1758209977338 0.5985922335864479 9500
