1758163508980 1.2721846344962155 0
1758163509190 1.193778987215234 500
1758163509573 1.270287515376362 1000
1758163509760 0.7024945805818782 1500
1758163509880 0.8026495070840739 2000
1758163510041 1.2905634516059525 2500
1758163510184 1.1063366316538183 3000
1758163510360 1.1628061267387282 3500
1758163510494 0.8391931509307277 4000
1758163510616 0.49317925512114447 4500
1758163510849 1.417258216350147 5000
1758163510994 1.0399038031034449 5500
1758163511152 0.7520394631543335 6000
1758163511362 1.0036186497992388 6500
1758163511590 1.515907415143267 7000
1758163511702 1.2772887014315408 7500
1758163511793 0.7523645686238569 8000
1758163511878 1.1874982376000434 8500
1758163511955 1.4105070512521904 9000
1758163512037 1.3977426449291306 9500
