1758210276264 1.085661782847548 0
1758210276351 0.900582387903641 500
1758210276437 1.033117783954588 1000
1758210276542 0.7713305632919717 1500
1758210276603 1.752738051349611 2000
1758210276669 0.8386609057465658 2500
1758210276730 0.16772959236831314 3000
1758210276792 1.2130412885966797 3500
1758210276859 1.362856211135438 4000
1758210276942 1.1709836704900534 4500
1758210277010 0.742478515545734 5000
1758210277082 0.9247289860826062 5500
1758210277173 1.3098088516852608 6000
1758210277256 0.7134203242988206 6500
1758210277298 0.9257637701937067 7000
1758210277391 0.9490268707296945 7500
1758210277447 1.349663167770312 8000
1758210277511 1.011647232631656 8500
1758210277570 1.4377151697417656 9000
1758210277627 1.2442230217652246 9500
