1757819313234 1.6490376729922247 0
1757819313611 0.6101658414255967 500
1757819313947 0.6051919269496978 1000
1757819314335 0.5937318336906601 1500
1757819314733 0.6025477783848859 2000
1757819315078 0.5980200529193903 2500
1757819315422 0.5719783960520991 3000
1757819315802 0.6087082540689671 3500
1757819316209 0.5974588734578021 4000
1757819316571 0.6298766011030602 4500
1757819316936 0.5867170964703451 5000
1757819317357 0.5890091507191583 5500
1757819317734 0.5777959525953922 6000
1757819318106 0.6311959963131423 6500
1757819318514 0.5867644966219101 7000
1757819318910 0.5949003700909236 7500
1757819319616 0.6085153842134569 8000
1757819320117 0.5955947128212535 8500
1757819320716 0.5898318968309431 9000
1757819321115 0.6014563536953823 9500
