1758211890062 1.3583733570527012 0
1758211890480 0.7334842237775244 500
1758211890935 0.6922317604849094 1000
1758211891346 0.6785159582880466 1500
1758211891744 0.6560653045205578 2000
1758211892173 0.6440219444302732 2500
1758211892559 0.6271961604456686 3000
1758211893000 0.619973578881214 3500
1758211893354 0.6294693327535392 4000
1758211893806 0.6233225332218422 4500
1758211894191 0.627864039664991 5000
1758211894577 0.6269707649148619 5500
1758211895045 0.6172593200461894 6000
1758211895475 0.6074031549809225 6500
1758211896009 0.6150566284200694 7000
1758211896489 0.6167262501129853 7500
1758211896952 0.6069105711983667 8000
1758211897420 0.6101913613306074 8500
1758211897976 0.6491998455075814 9000
1758211898398 0.6088373155413517 9500
