1758211442765 1.5404797821078393 0
1758211443875 5.405490426851185 500
1758211445140 5.384945000316251 1000
1758211446370 5.37280346834196 1500
1758211447660 5.366507190013847 2000
1758211448780 5.371247427999248 2500
1758211449962 5.369242216109308 3000
1758211451125 5.36655643588212 3500
1758211452330 5.36492705561968 4000
1758211453559 5.363750025336143 4500
1758211454741 5.362902665433497 5000
1758211456301 5.3615208873294335 5500
1758211457575 5.359324109352686 6000
1758211458804 5.357458471981999 6500
1758211460028 5.356599347346441 7000
1758211461213 5.35617224552236 7500
1758211462410 5.355921922624161 8000
1758211463600 5.355756789408223 8500
1758211464842 5.355639354587727 9000
1758211466134 5.355551638964486 9500
