1757819266262 1.6585321531622232 0
1757819267204 0.6502965914377115 500
1757819268253 0.6239785316754183 1000
1757819269382 0.61423596770749 1500
1757819270653 0.609601220949079 2000
1757819272097 0.6070826035014644 2500
1757819273254 0.6055798536449449 3000
1757819274469 0.6046130844712463 3500
1757819275767 0.6039495328631005 4000
1757819277108 0.6034675554773369 4500
1757819278440 0.6030998438931064 5000
1757819280222 0.6028073631673042 5500
1757819281792 0.6025665289644556 6000
1757819283310 0.6023625514262866 6500
1757819284897 0.6021858281964358 7000
1757819286305 0.6020299178151498 7500
1757819287708 0.6018903643061478 8000
1757819288923 0.6017639953721248 8500
1757819290481 0.60164849175675 9000
1757819291793 0.6015421159755823 9500
