1757822099116 1.42244293201499 0
1757822100265 0.6530045745605617 500
1757822101367 0.6250542287898229 1000
1757822103993 0.6146620813122813 1500
1757822104937 0.6097430488884803 2000
1757822105928 0.607094898919024 2500
1757822106899 0.6055335757507153 3000
1757822108069 0.6045419030573508 3500
1757822109113 0.6038696178307645 4000
1757822110234 0.6033866234080543 4500
1757822111371 0.6030214559454107 5000
1757822112471 0.6027330214537783 5500
1757822113669 0.6024967196413608 6000
1757822114796 0.6022972708603657 6500
1757822115943 0.6021248499841759 7000
1757822117102 0.601972927703171 7500
1757822118311 0.601837027028291 8000
1757822119503 0.6017139862542222 8500
1757822120797 0.6016015101827759 9000
1757822121946 0.6014978896876676 9500
