1758171229558 1.0114627210678757 0
1758171229648 1.612776749377551 500
1758171229744 0.8081828263667696 1000
1758171229795 1.0319308391138065 1500
1758171229850 1.1502825593018604 2000
1758171229907 2.167772140268902 2500
1758171229992 1.5864657273681027 3000
1758171230057 2.9847499424126616 3500
1758171230119 2.170909201074775 4000
1758171230186 1.2527299498270779 4500
1758171230258 0.7720892645378463 5000
1758171230335 0.8479111430720726 5500
1758171230414 1.4048884951892262 6000
1758171230502 1.109262894923441 6500
1758171230542 1.9154328268948069 7000
1758171230628 1.3954134509298437 7500
1758171230734 1.5146721161810404 8000
1758171230788 1.140435647863687 8500
1758171230841 0.6375503840564162 9000
1758171230893 2.0750495696798463 9500
