1758125499968 1.5582302777581003 0
1758125501244 0.603366888244078 500
1758125504162 0.6017935913603233 1000
1758125509038 0.6012094271388289 1500
1758125510892 0.6008764398534683 2000
1758125512636 0.6006599370399396 2500
1758125514218 0.6005086788205087 3000
1758125515393 0.6003977298738216 3500
1758125516651 0.600313459783199 4000
1758125518188 0.6002478046422721 4500
1758125519967 0.6001956811520728 5000
1758125521469 0.6001537093609346 5500
1758125522879 0.6001195394244959 6000
1758125524584 0.6000914771425281 6500
1758125526461 0.60006826516471 7000
1758125528414 0.6000489489712109 7500
1758125530777 0.6000327910022873 8000
1758125533031 0.6000192133191316 8500
1758125534834 0.6000077579106221 9000
1758125536710 0.5999980583767606 9500
