1757819504272 1.175650083630906 0
1757819504372 1.1590400458089607 500
1757819504456 1.2765058445808195 1000
1757819504546 1.027697391803938 1500
1757819504594 0.920131385817241 2000
1757819504713 1.5723465359847806 2500
1757819504778 1.1281216573352184 3000
1757819504837 0.5626969171361581 3500
1757819504897 1.0094119541937778 4000
1757819504974 1.4263195828407869 4500
1757819505046 1.2685069834165978 5000
1757819505118 1.0457743652589078 5500
1757819505200 1.1869525495229003 6000
1757819505346 1.2058778725117723 6500
1757819505393 0.88520723710917 7000
1757819505482 1.380476450771389 7500
1757819505576 1.1774568949870878 8000
1757819505625 1.290060109113045 8500
1757819505684 1.2609964960084352 9000
1757819505758 1.3265793471720286 9500
