1757823635835 1.2917646039342672 0
1757823635927 0.648885259847542 500
1757823636013 1.7003843081521928 1000
1757823636096 1.7372213574668007 1500
1757823636196 1.8071553022413178 2000
1757823636242 1.7690749585385734 2500
1757823636354 1.2345342243799222 3000
1757823636404 1.5517317264479067 3500
1757823636457 1.3124193992924815 4000
1757823636517 1.1079875504153671 4500
1757823636590 0.976342973461114 5000
1757823636659 0.760640601867865 5500
1757823636726 0.8092388440574756 6000
1757823636794 0.5728651781040428 6500
1757823636836 0.6213794428526856 7000
1757823636924 1.195540877963393 7500
1757823637013 1.879773907108017 8000
1757823637068 1.4416983559843772 8500
1757823637126 0.7831259126315884 9000
1757823637180 0.16043416221565127 9500
