1757821236596 1.2464255392164834 0
1757821237649 0.6516659795118308 500
1757821238571 0.6242472025592428 1000
1757821239487 0.6141730815435329 1500
1757821240443 0.6094277726464172 2000
1757821241389 0.6068745027099113 2500
1757821242353 0.6053664518772655 3000
1757821243550 0.6044061928613691 3500
1757821244562 0.6037536493630096 4000
1757821245608 0.6032839696009048 4500
1757821246696 0.6029284293028159 5000
1757821247872 0.6026474001772157 5500
1757821249010 0.6024170896279974 6000
1757821250294 0.6022226780249024 6500
1757821251614 0.6020546116815363 7000
1757821252923 0.6019065275933418 7500
1757821254195 0.6017740548356098 8000
1757821255477 0.6016541023371965 8500
1757821256785 0.601544424185235 9000
1757821258072 0.6014433473839312 9500
