1758134796390 1.5469737571754552 0
1758134799308 5.406117973800187 500
1758134801665 5.385193348250779 1000
1758134804334 5.373020855707539 1500
1758134807749 5.366462716242355 2000
1758134810416 5.3709001591289915 2500
1758134817489 5.369244878953151 3000
1758134823954 5.366584121542296 3500
1758134830969 5.364941355000391 4000
1758134838184 5.36375968009525 4500
1758134843058 5.3629179193855725 5000
1758134852262 5.361547446628267 5500
1758134855610 5.359367974967561 6000
1758134858455 5.357479788588889 6500
1758134861631 5.35660843500608 7000
1758134868765 5.356176780937597 7500
1758134874024 5.355924551131257 8000
1758134876038 5.355758483384787 8500
1758134878037 5.355640530256731 9000
1758134887878 5.35555250081805 9500
