1757823663890 1.1684499384490707 0
1757823665116 0.6036190224499471 500
1757823666288 0.6019386291191222 1000
1757823667444 0.6012995336886263 1500
1757823668521 0.6009370203547595 2000
1757823669580 0.6007038013470927 2500
1757823670687 0.6005423185000452 3000
1757823671793 0.60042458386826 3500
1757823672856 0.6003354806583424 4000
1757823673910 0.600266186667429 4500
1757823674948 0.6002112078537801 5000
1757823676308 0.6001669279904788 5500
1757823677457 0.6001308531356149 6000
1757823678573 0.6001011959885085 6500
1757823679805 0.6000766355741036 7000
1757823680976 0.6000561715784349 7500
1757823682124 0.6000390319781778 8000
1757823683241 0.6000246119524614 8500
1757823684365 0.6000124319434946 9000
1757823685469 0.6000021079335933 9500
