1758211720707 1.383889044582153 0
1758211722122 4.917919486269443 500
1758211723373 4.901080158510137 1000
1758211724958 4.899961059446115 1500
1758211727568 4.899794485814949 2000
1758211731677 4.899750761706833 2500
1758211735738 4.8997368914829345 3000
1758211740104 4.899732180377259 3500
1758211743105 4.89973052484086 4000
1758211751392 4.899729931486656 4500
1758211754384 4.899729716286457 5000
1758211756626 4.899729637679636 5500
1758211760225 4.899729608846749 6000
1758211763732 4.899729598245931 6500
1758211766114 4.899729594343486 7000
1758211767938 4.899729592906021 7500
1758211769569 4.899729592376415 8000
1758211774594 4.8997295921812904 8500
1758211777230 4.899729592109406 9000
1758211779124 4.899729592082929 9500
