1758135272455 1.572950584784231 0
1758135273669 0.6509192449526398 500
1758135274930 0.6246023615084988 1000
1758135276010 0.6148187480108608 1500
1758135277231 0.6101455208862748 2000
1758135278395 0.6075936559357364 2500
1758135279671 0.6060625682710298 3000
1758135281086 0.6050721652310379 3500
1758135282527 0.6043896734029721 4000
1758135284154 0.6038933637122171 4500
1758135285812 0.6035156561339591 5000
1758135287568 0.6032170840660966 5500
1758135289261 0.6029735437801518 6000
1758135290749 0.6027697062382735 6500
1758135292120 0.6025954571142411 7000
1758135293812 0.6024438961750392 7500
1758135295184 0.6023101721629986 8000
1758135296521 0.6021907813311845 8500
1758135297844 0.602083131698508 9000
1758135299101 0.6019852642800897 9500
