1757819298610 1.359969787379573 0
1757819299105 1.5015641175500227 500
1757819299977 1.518882769246896 1000
1757819300406 1.8179289734253445 1500
1757819301000 1.620274638106257 2000
1757819301461 0.942730433166489 2500
1757819301937 1.5779912673492553 3000
1757819302415 0.6618785329558545 3500
1757819303118 1.4540192742665168 4000
1757819303688 1.5538202269286945 4500
1757819304125 1.6708616681111217 5000
1757819304515 1.4205366779099318 5500
1757819304922 0.6640045423902681 6000
1757819305298 1.8409953843904177 6500
1757819305696 1.5610119952732449 7000
1757819306116 1.659351557510551 7500
1757819307181 1.8756855850511678 8000
1757819307638 1.5174856638482868 8500
1757819308068 1.0835672453852665 9000
1757819308479 0.7230262025480728 9500
