1758170944445 1.668541030213284 0
1758170945969 5.407034540448719 500
1758170946900 5.38513291053196 1000
1758170947787 5.372365891083855 1500
1758170948789 5.366685566892256 2000
1758170949744 5.371371841894042 2500
1758170951361 5.36913695946669 3000
1758170954333 5.366548841358269 3500
1758170990055 5.36495519631499 4000
1758170997377 5.363785548691527 4500
1758171000074 5.362960197395116 5000
1758171002628 5.3616204193589185 5500
1758171004918 5.359487799349769 6000
1758171008199 5.357539533354442 6500
1758171011000 5.356634785989815 7000
1758171013378 5.35619088525184 7500
1758171015063 5.355933557534255 8000
1758171017408 5.355764946648604 8500
1758171019313 5.355645519906687 9000
1758171021373 5.355556538200177 9500
