1758210170857 1.3237984737475676 0
1758210172294 0.6033443936474507 500
1758210173656 0.6017943817878784 1000
1758210174650 0.6012065251937095 1500
1758210175649 0.6008699017077652 2000
1758210176843 0.6006526150682058 2500
1758210177942 0.6005020333772735 3000
1758210179084 0.6003921550052708 3500
1758210180243 0.6003089234576255 4000
1758210181575 0.6002441538443233 4500
1758210183113 0.6001927494436279 5000
1758210184234 0.6001513491004693 5500
1758210185366 0.6001176287506158 6000
1758210186530 0.6000899188429694 6500
1758210187645 0.600066983146837 7000
1758210188939 0.6000478843330864 7500
1758210190040 0.6000318984261365 8000
1758210191264 0.6000184580200424 8500
1758210192348 0.6000071131694277 9000
1758210193465 0.5999975036016961 9500
