1758124874844 1.612793600050186 0
1758124875432 0.6446979792082511 500
1758124876156 0.6727526629207048 1000
1758124876661 0.6210596879042135 1500
1758124877254 0.6059618142822327 2000
1758124877656 0.5752557202294991 2500
1758124878572 0.6018106430700346 3000
1758124879405 0.6101277998701145 3500
1758124880057 0.6271806778152057 4000
1758124880811 0.5293810166907615 4500
1758124881237 0.596371024339834 5000
1758124881736 0.6009831541483213 5500
1758124882144 0.5864554238484856 6000
1758124882633 0.6139555543446725 6500
1758124883238 0.571661780265962 7000
1758124883777 0.6038955597695734 7500
1758124884204 0.6004645613762472 8000
1758124884719 0.6124265235536515 8500
1758124885345 0.5931404298074426 9000
1758124885982 0.6305149071331206 9500
