1758172081152 1.4524936534652948 0
1758172081582 0.7387610107615237 500
1758172081952 0.6909022939506131 1000
1758172082300 0.694195811267399 1500
1758172082660 0.6446419166116446 2000
1758172083047 0.6420904508547803 2500
1758172083420 0.616597371615859 3000
1758172083776 0.6250022833525116 3500
1758172084206 0.6130928303134371 4000
1758172084563 0.6113358949930313 4500
1758172084927 0.6125832555757724 5000
1758172085272 0.6098145772859984 5500
1758172085618 0.6011216802001126 6000
1758172086014 0.6087211762594645 6500
1758172086473 0.63833064398459 7000
1758172086889 0.6275433257033382 7500
1758172087263 0.6342643768260144 8000
1758172087657 0.6080050674856854 8500
1758172088064 0.6141554947164748 9000
1758172088447 0.6036154650349324 9500
