1758205896020 0.8426072095252408 0
1758205896112 1.4656620031433194 500
1758205896195 1.3293693091583494 1000
1758205896290 1.6111385565956415 1500
1758205896341 1.5648349477323342 2000
1758205896390 1.7484907383890382 2500
1758205896494 1.4203306320594942 3000
1758205896545 2.0735224422092458 3500
1758205896606 1.1755730155631008 4000
1758205896663 1.0021024684910105 4500
1758205896742 1.3376727860592383 5000
1758205896805 1.137792211211408 5500
1758205896869 1.28699787139856 6000
1758205896932 1.3903339960028946 6500
1758205896970 1.0223119362703046 7000
1758205897061 1.3681185293196336 7500
1758205897104 1.5915436604499489 8000
1758205897218 1.420906381066401 8500
1758205897266 1.6331716116723143 9000
1758205897325 1.4083712725276505 9500
