1758125381466 1.5633918243137521 0
1758125385700 0.6530366148644402 500
1758125387711 0.6249056547398331 1000
1758125389215 0.6146560813632697 1500
1758125390693 0.6098421696484619 2000
1758125392330 0.6072531457452327 2500
1758125395131 0.6057214538323461 3000
1758125396542 0.6047428114742749 3500
1758125397909 0.6040746059551692 4000
1758125399736 0.6035909479868133 4500
1758125401434 0.6032226446119148 5000
1758125403045 0.6029298315052366 5500
1758125405236 0.6026885815312824 6000
1758125406990 0.6024839874245435 6500
1758125408654 0.602306430751872 7000
1758125410224 0.6021494955846354 7500
1758125412041 0.6020087646111709 8000
1758125413514 0.6018811043240998 8500
1758125415663 0.6017642290457565 9000
1758125417154 0.6016564280585781 9500
