1758126036822 1.644380603313371 0
1758126037381 0.6231281080851466 500
1758126037880 0.6028954342282804 1000
1758126038500 0.6034722832586926 1500
1758126039048 0.5887570983701891 2000
1758126039588 0.6276998095984508 2500
1758126040212 0.6078873567406705 3000
1758126040832 0.6059612179024089 3500
1758126041408 0.6101241283133301 4000
1758126041968 0.6003382531724013 4500
1758126042508 0.5838029130257572 5000
1758126043022 0.5964780580852026 5500
1758126043549 0.6121549599901657 6000
1758126043995 0.5966551796612021 6500
1758126044717 0.587457497241935 7000
1758126045534 0.6060568148079533 7500
1758126046133 0.6084171040783246 8000
1758126046757 0.610711691631727 8500
1758126047363 0.5981216256829913 9000
1758126047986 0.600320459126803 9500
