1758163411028 1.5440538988352277 0
1758163411988 1.8687176576902924 500
1758163412608 1.6616618930139473 1000
1758163413073 1.853186699411832 1500
1758163413544 1.3822998155520616 2000
1758163414038 1.6184668965629998 2500
1758163414547 1.8883498951206226 3000
1758163415090 0.9944371086092597 3500
1758163415639 1.1465297717865088 4000
1758163416479 1.6347052956767685 4500
1758163417629 1.6069883160030927 5000
1758163418435 1.0453021082871363 5500
1758163419366 1.639887521992649 6000
1758163419918 0.7850767265835443 6500
1758163420729 1.1762009428747882 7000
1758163421394 1.9556150563277488 7500
1758163422596 1.9438547110695277 8000
1758163424126 1.395574149420184 8500
1758163426894 1.452828406350014 9000
1758163427864 1.7358841793222628 9500
