1758135357466 1.5269185557520066 0
1758135357562 1.3112606217684915 500
1758135357643 1.696789676623468 1000
1758135357705 1.6534573683687066 1500
1758135357775 1.1692632383121746 2000
1758135357847 1.4289021985258978 2500
1758135357936 0.9286754985982248 3000
1758135358018 1.4334901746271842 3500
1758135358104 0.6937296428922414 4000
1758135358190 1.1308618417335905 4500
1758135358272 1.445841031938588 5000
1758135358355 1.2827269401956234 5500
1758135358465 1.2216768879090485 6000
1758135358548 1.3653020903838464 6500
1758135358594 0.6060930496560999 7000
1758135358694 1.3867319168235923 7500
1758135358757 0.7006740670802482 8000
1758135358818 0.6268064799488072 8500
1758135358877 1.2784104810092123 9000
1758135358957 1.3541104034433327 9500
