1758171915716 1.4239494017735044 0
1758171917506 4.631121934682107 500
1758171918952 4.595621906489715 1000
1758171920140 4.588742119770265 1500
1758171921522 4.581801641679719 2000
1758171922810 4.5683450571048745 2500
1758171927611 4.56400106442049 3000
1758171934676 4.5606679484688835 3500
1758171937575 4.558832728757858 4000
1758171939138 4.557489610165189 4500
1758171940481 4.554043031667507 5000
1758171941884 4.55185198049221 5500
1758171943563 4.549608263143879 6000
1758171945106 4.5472111517894005 6500
1758171946760 4.546234003460866 7000
1758171948036 4.545814414644 7500
1758171949387 4.545596326943837 8000
1758171951075 4.54546431194738 8500
1758171952300 4.545375365029723 9000
1758171953574 4.545310774196059 9500
