1758126021455 1.689463575524472 0
1758126021898 1.7298343095345228 500
1758126022358 1.0995300798045025 1000
1758126022783 0.7265546381321397 1500
1758126023238 1.011544016378404 2000
1758126023665 1.5055405069006438 2500
1758126024131 0.8372224060817407 3000
1758126024599 1.5903800141836981 3500
1758126025115 1.646841120912175 4000
1758126025566 1.3681854906217816 4500
1758126026028 1.7042208434788357 5000
1758126026447 1.5544996320022284 5500
1758126027041 1.4267119416762661 6000
1758126027485 1.6891059210369908 6500
1758126027961 1.7476798124647586 7000
1758126028433 1.3809168495758508 7500
1758126028902 1.3677136971884845 8000
1758126029357 1.0008827198241848 8500
1758126029844 0.9353800659519453 9000
1758126030407 1.541837875920106 9500
