1757822234191 1.558847647324171 0
1757822235245 0.653366409250969 500
1757822236278 0.6253736277385346 1000
1757822237263 0.6151502709004749 1500
1757822238282 0.6102966199794773 2000
1757822239372 0.6076495833648864 2500
1757822240458 0.6060607764454919 3000
1757822241596 0.6050326683033446 3500
1757822242897 0.6043245546021985 4000
1757822244080 0.603810467641724 4500
1757822245229 0.603420314540541 5000
1757822246387 0.6031130409023463 5500
1757822247532 0.6028634965417652 6000
1757822248689 0.6026556403555126 6500
1757822249831 0.6024788600833128 7000
1757822251076 0.6023258985341072 7500
1757822252310 0.6021916426103137 8000
1757822253498 0.6020723924382387 8500
1757822254645 0.6019654063894198 9000
1757822255799 0.6018686094813033 9500
