1757821291955 1.762624530642333 0
1757821292361 0.7383104020944773 500
1757821292731 0.6822289323846074 1000
1757821293066 0.6604033196943413 1500
1757821293411 0.6452713120897334 2000
1757821293751 0.634089601215636 2500
1757821294120 0.6344722688786683 3000
1757821294447 0.6288062935269111 3500
1757821294782 0.6491884434861704 4000
1757821295109 0.615461807979675 4500
1757821295445 0.6457153684070827 5000
1757821295788 0.6302482424687148 5500
1757821296134 0.6124560187393933 6000
1757821296479 0.5899851046995969 6500
1757821296922 0.615947581997682 7000
1757821297302 0.6064249561659806 7500
1757821297694 0.642692200559826 8000
1757821298038 0.6098257881181727 8500
1757821298408 0.5973209286789176 9000
1757821298762 0.6310819737486155 9500
