1758211822846 1.3835979627101522 0
1758211824214 0.6515612343301812 500
1758211826317 0.6247219108898816 1000
1758211827983 0.6148730898807366 1500
1758211830124 0.6101914178195995 2000
1758211831681 0.6076351537857201 2500
1758211833875 0.6060980977536751 3000
1758211835444 0.6051007508264941 3500
1758211837199 0.6044111885426448 4000
1758211838788 0.6039081528569518 4500
1758211840043 0.603524267631684 5000
1758211841440 0.6032201332724951 5500
1758211843004 0.6029716498200745 6000
1758211844306 0.6027634637954726 6500
1758211845705 0.6025854238551117 7000
1758211847151 0.6024305871745229 7500
1758211848659 0.6022940577366961 8000
1758211850123 0.6021722868017535 8500
1758211851596 0.6020626384421658 9000
1758211853461 0.6019631116860032 9500
