1758171223788 1.0079392193640138 0
1758171223882 1.3989988404843863 500
1758171223961 1.349123157696425 1000
1758171224030 1.234811860479227 1500
1758171224087 1.3642484109860828 2000
1758171224140 1.3421173020598656 2500
1758171224197 1.2678668695162836 3000
1758171224256 1.1649405000237365 3500
1758171224316 1.103985280322094 4000
1758171224415 0.7259126752001677 4500
1758171224506 0.6039403842111164 5000
1758171224613 1.2063290809141614 5500
1758171224729 1.1617664877857543 6000
1758171224819 1.528925215711769 6500
1758171224864 1.119612254488453 7000
1758171224973 1.2849222913760747 7500
1758171225032 1.2432825048323917 8000
1758171225098 0.8808071139049086 8500
1758171225160 1.1975431898251143 9000
1758171225241 1.2271968386992644 9500
